Concurso,Data,Dia da Semana,Sorteio,Dezena 0,Atraso
5885,2024-07-20,Sábado,MC 3º,0,5885
5884,2024-07-17,Quarta-feira,MC 3º,0,-1
5870,2024-05-29,Quarta-feira,MC 4º,0,-14
5860,2024-04-24,Quarta-feira,MC 2º,0,-10
5819,2023-11-22,Quarta-feira,MC 2º,0,-41
5808,2023-10-14,Sábado,MC 5º,0,-11
5784,2023-07-22,Sábado,MC 3º,0,-24
5775,2023-06-21,Quarta-feira,MC 2º,0,-9
5737,2023-02-04,Sábado,MC 2º,0,-38
5704,2022-10-05,Quarta-feira,MC 4º,0,-33
5644,2022-03-09,Quarta-feira,MC 5º,0,-60
5639,2022-02-16,Quarta-feira,MC 5º,0,-5
5633,2022-01-26,Quarta-feira,MC 2º,0,-6
5630,2022-01-15,Sábado,MC 5º,0,-3
5627,2022-01-05,Quarta-feira,MC 5º,0,-3
5626,2021-12-31,Sexta-feira,MC 3º,0,-1
5602,2021-10-02,Sábado,MC 4º,0,-24
5569,2021-06-09,Quarta-feira,MC 1º,0,-33
5555,2021-04-14,Quarta-feira,MC 2º,0,-14
5553,2021-04-07,Quarta-feira,MC 5º,0,-2
5522,2020-12-12,Sábado,MC 1º,0,-31
5512,2020-11-07,Sábado,MC 4º,0,-10
5457,2020-01-08,Quarta-feira,MC 3º,0,-55
5440,2019-11-13,Quarta-feira,MC 1º,0,-17
5427,2019-09-28,Sábado,MC 4º,0,-13
5424,2019-09-18,Quarta-feira,MC 2º,0,-3
5423,2019-09-14,Sábado,MC 1º,0,-1
5406,2019-07-17,Quarta-feira,MC 3º,0,-17
5402,2019-07-03,Quarta-feira,MC 1º,0,-4
5371,2019-03-16,Sábado,MC 5º,0,-31
5365,2019-02-23,Sábado,MC 3º,0,-6
5356,2019-01-23,Quarta-feira,MC 1º,0,-9
5348,2018-12-26,Quarta-feira,MC 5º,0,-8
5339,2018-11-24,Sábado,MC 2º,0,-9
5307,2018-08-04,Sábado,MC 3º,0,-32
5287,2018-05-26,Sábado,MC 2º,0,-20
5270,2018-03-28,Quarta-feira,MC 1º,0,-17
5269,2018-03-24,Sábado,MC 3º,0,-1
5264,2018-03-07,Quarta-feira,MC 5º,0,-5
5244,2017-12-27,Quarta-feira,MC 4º,0,-20
5233,2017-11-18,Sábado,MC 1º,0,-11
5202,2017-08-02,Quarta-feira,MC 3º,0,-31
5199,2017-07-22,Sábado,MC 5º,0,-3
5183,2017-05-27,Sábado,MC 1º,0,-16
5164,2017-03-22,Quarta-feira,MC 4º,0,-19
5162,2017-03-15,Quarta-feira,MC 5º,0,-2
5157,2017-02-25,Sábado,MC 1º,0,-5
5144,2017-01-11,Quarta-feira,MC 1º,0,-13
5142,2017-01-04,Quarta-feira,MC 1º,0,-2
5122,2016-10-26,Quarta-feira,MC 4º,0,-20
5120,2016-10-19,Quarta-feira,MC 3º,0,-2
5106,2016-08-31,Quarta-feira,MC 3º,0,-14
5101,2016-08-13,Sábado,MC 2º,0,-5
5062,2016-03-30,Quarta-feira,MC 1º,0,-39
5027,2015-11-28,Sábado,MC 2º,0,-35
5018,2015-10-28,Quarta-feira,MC 5º,0,-9
5015,2015-10-17,Sábado,MC 4º,0,-3
5011,2015-10-03,Sábado,MC 3º,0,-4
5010,2015-09-30,Quarta-feira,MC 2º,0,-1
5000,2015-08-26,Quarta-feira,MC 3º,0,-10
4930,2014-12-24,Quarta-feira,MC 5º,0,-70
4894,2014-08-20,Quarta-feira,MC 4º,0,-36
4893,2014-08-16,Sábado,MC 1º,0,-1
4879,2014-06-28,Sábado,MC 4º,0,-14
4858,2014-04-16,Quarta-feira,MC 1º,0,-21
4853,2014-03-29,Sábado,MC 2º,0,-5
4847,2014-03-08,Sábado,MC 2º,0,-6
4845,2014-03-01,Sábado,MC 4º,0,-2
4820,2013-12-04,Quarta-feira,MC 2º,0,-25
4807,2013-10-19,Sábado,MC 5º,0,-13
4772,2013-06-19,Quarta-feira,MC 2º,0,-35
4748,2013-03-27,Quarta-feira,MC 3º,0,-24
4736,2013-02-13,Quarta-feira,MC 4º,0,-12
4705,2012-10-27,Sábado,MC 3º,0,-31
4697,2012-09-29,Sábado,MC 3º,0,-8
4671,2012-06-30,Sábado,MC 1º,0,-26
4659,2012-05-19,Sábado,MC 3º,0,-12
4655,2012-05-05,Sábado,MC 3º,0,-4
4651,2012-04-20,Sexta-feira,MC 2º,0,-4
4634,2012-02-22,Quarta-feira,MC 5º,0,-17
4622,2012-01-11,Quarta-feira,MC 4º,0,-12
4591,2011-09-24,Sábado,MC 1º,0,-31
4559,2011-06-04,Sábado,MC 4º,0,-32
4525,2011-02-05,Sábado,MC 3º,0,-34
4493,2010-10-16,Sábado,MC 1º,0,-32
4454,2010-06-02,Quarta-feira,MC 3º,0,-39
4445,2010-04-28,Quarta-feira,MC 2º,0,-9
4437,2010-03-31,Quarta-feira,MC 1º,0,-8
4424,2010-02-13,Sábado,MC 5º,0,-13
4409,2009-12-23,Quarta-feira,MC 3º,0,-15
4393,2009-10-28,Quarta-feira,MC 4º,0,-16
4361,2009-07-08,Quarta-feira,MC 1º,0,-32
4351,2009-06-03,Quarta-feira,MC 2º,0,-10
4334,2009-04-04,Sábado,MC 5º,0,-17
4327,2009-03-11,Quarta-feira,MC 2º,0,-7
4285,2008-10-11,Sábado,MC 1º,0,-42
4273,2008-08-30,Sábado,MC 1º,0,-12
4260,2008-07-16,Quarta-feira,MC 5º,0,-13
4258,2008-07-09,Quarta-feira,MC 5º,0,-2
4219,2008-02-23,Sábado,MC 1º,0,-39
4212,2008-01-30,Quarta-feira,MC 2º,0,-7
4207,2008-01-12,Sábado,MC 5º,0,-5
4196,2007-12-05,Quarta-feira,MC 3º,0,-11
4187,2007-11-03,Sábado,MC 4º,0,-9
4176,2007-09-26,Quarta-feira,MC 4º,0,-11
4163,2007-08-11,Sábado,MC 3º,0,-13
4139,2007-05-19,Sábado,MC 4º,0,-24
4135,2007-05-05,Sábado,MC 2º,0,-4
4113,2007-02-14,Quarta-feira,MC 3º,0,-22
4079,2006-10-14,Sábado,MC 4º,0,-34
4070,2006-09-13,Quarta-feira,MC 2º,0,-9
4061,2006-08-12,Sábado,MC 2º,0,-9
4054,2006-07-19,Quarta-feira,MC 2º,0,-7
4040,2006-05-31,Quarta-feira,MC 2º,0,-14
4032,2006-05-03,Quarta-feira,MC 2º,0,-8
3989,2005-12-03,Sábado,MC 5º,0,-43
3929,2005-04-27,Quarta-feira,MC 4º,0,-60
3925,2005-04-13,Quarta-feira,MC 1º,0,-4
3863,2004-09-01,Quarta-feira,MC 4º,0,-62
3859,2004-08-18,Quarta-feira,MC 1º,0,-4
3846,2004-07-03,Sábado,MC 1º,0,-13
3821,2004-03-31,Quarta-feira,MC 3º,0,-25
3808,2004-02-11,Quarta-feira,MC 2º,0,-13
3796,2003-12-27,Sábado,MC 5º,0,-12
3771,2003-09-24,Quarta-feira,MC 5º,0,-25
3765,2003-09-03,Quarta-feira,MC 5º,0,-6
3745,2003-06-25,Quarta-feira,MC 2º,0,-20
3743,2003-06-18,Quarta-feira,MC 2º,0,-2
3736,2003-05-24,Sábado,MC 2º,0,-7
3667,2002-08-28,Quarta-feira,MC 5º,0,-69
3659,2002-07-31,Quarta-feira,MC 2º,0,-8
3636,2002-05-04,Sábado,MC 2º,0,-23
3632,2002-04-17,Quarta-feira,MC 1º,0,-4
3628,2002-04-03,Quarta-feira,MC 5º,0,-4
3620,2002-03-02,Sábado,MC 4º,0,-8
3617,2002-02-20,Quarta-feira,MC 5º,0,-3
3593,2001-11-10,Sábado,MC 3º,0,-24
3574,2001-08-25,Sábado,MC 3º,0,-19
3569,2001-08-08,Quarta-feira,MC 4º,0,-5
3542,2001-04-25,Quarta-feira,MC 2º,0,-27
3512,2000-12-23,Sábado,MC 3º,0,-30
3484,2000-08-30,Quarta-feira,MC 1º,0,-28
3461,2000-06-03,Sábado,MC 4º,0,-23
3449,2000-04-15,Sábado,MC 3º,0,-12
3365,1999-05-22,Sábado,MC 2º,0,-84
3361,1999-05-08,Sábado,MC 2º,0,-4
3331,1999-01-13,Quarta-feira,MC 4º,0,-30
3291,1998-08-05,Quarta-feira,MC 4º,0,-40
3277,1998-06-06,Sábado,MC 5º,0,-14
3260,1998-03-25,Quarta-feira,MC 3º,0,-17
3252,1998-02-21,Sábado,MC 5º,0,-8
3248,1998-02-07,Sábado,MC 3º,0,-4
3237,1997-12-27,Sábado,MC 5º,0,-11
3227,1997-11-15,Sábado,MC 4º,0,-10
3206,1997-08-27,Quarta-feira,MC 3º,0,-21
3199,1997-08-02,Sábado,MC 5º,0,-7
3196,1997-07-19,Sábado,MC 5º,0,-3
3178,1997-05-10,Sábado,MC 1º,0,-18
3172,1997-04-12,Sábado,MC 5º,0,-6
3149,1997-01-08,Quarta-feira,MC 4º,0,-23
3142,1996-12-04,Quarta-feira,MC 1º,0,-7
3112,1996-07-27,Sábado,MC 4º,0,-30
3097,1996-05-25,Sábado,MC 5º,0,-15
3053,1995-10-22,Domingo,MC 3º,0,-44
3022,1995-07-15,Sábado,MC 1º,0,-31
3014,1995-06-07,Quarta-feira,MC 2º,0,-8
3004,1995-04-29,Sábado,MC 3º,0,-10
2981,1995-01-18,Quarta-feira,MC 1º,0,-23
2926,1994-06-04,Sábado,MC 5º,0,-55
2913,1994-04-13,Quarta-feira,MC 2º,0,-13
2911,1994-04-06,Quarta-feira,MC 2º,0,-2
2910,1994-03-30,Quarta-feira,MC 2º,0,-1
2908,1994-03-23,Quarta-feira,MC 2º,0,-2
2906,1994-03-16,Quarta-feira,MC 2º,0,-2
2904,1994-03-09,Quarta-feira,MC 2º,0,-2
2902,1994-03-02,Quarta-feira,MC 2º,0,-2
2900,1994-02-23,Quarta-feira,MC 2º,0,-2
2897,1994-02-09,Quarta-feira,MC 1º,0,-3
2895,1994-02-02,Quarta-feira,MC 1º,0,-2
2893,1994-01-26,Quarta-feira,MC 1º,0,-2
2891,1994-01-19,Quarta-feira,MC 1º,0,-2
2889,1994-01-12,Quarta-feira,MC 2º,0,-2
2885,1993-12-15,Quarta-feira,MC 2º,0,-4
2883,1993-12-08,Quarta-feira,MC 2º,0,-2
2881,1993-12-01,Quarta-feira,MC 2º,0,-2
2879,1993-11-24,Quarta-feira,MC 2º,0,-2
2876,1993-11-10,Quarta-feira,MC 2º,0,-3
2873,1993-10-27,Quarta-feira,MC 2º,0,-3
2871,1993-10-20,Quarta-feira,MC 2º,0,-2
2867,1993-09-25,Sábado,MC 4º,0,-4
2841,1993-03-20,Sábado,MC 2º,0,-26
2838,1993-02-27,Sábado,MC 1º,0,-3
2835,1993-02-06,Sábado,MC 2º,0,-3
2833,1993-01-23,Sábado,MC 3º,0,-2
2803,1992-06-20,Sábado,MC 3º,0,-30
2750,1991-11-09,Sábado,MC 1º,0,-53
2745,1991-10-19,Sábado,MC 5º,0,-5
2743,1991-10-09,Quarta-feira,MC 1º,0,-2
2694,1991-04-03,Quarta-feira,MC 1º,0,-49
2677,1991-01-26,Sábado,MC 4º,0,-17
2661,1990-11-21,Quarta-feira,MC 4º,0,-16
2636,1990-08-08,Quarta-feira,MC 5º,0,-25
2625,1990-06-30,Sábado,MC 1º,0,-11
2609,1990-04-18,Quarta-feira,MC 4º,0,-16
2605,1990-03-28,Quarta-feira,MC 3º,0,-4
2604,1990-03-25,Domingo,MC 4º,0,-1
2596,1990-02-17,Sábado,MC 5º,0,-8
2585,1989-12-16,Sábado,MC 1º,0,-11
2578,1989-11-22,Quarta-feira,MC 2º,0,-7
2575,1989-11-04,Sábado,MC 2º,0,-3
2570,1989-10-15,Domingo,MC 1º,0,-5
2569,1989-10-07,Sábado,MC 3º,0,-1
2551,1989-07-29,Sábado,MC 2º,0,-18
2540,1989-06-17,Sábado,MC 1º,0,-11
2532,1989-05-17,Quarta-feira,MC 4º,0,-8
2504,1989-01-25,Quarta-feira,MC 3º,0,-28
2495,1988-12-14,Quarta-feira,MC 4º,0,-9
2490,1988-11-26,Sábado,MC 4º,0,-5
2462,1988-08-06,Sábado,MC 2º,0,-28
2451,1988-06-29,Quarta-feira,MC 2º,0,-11
2431,1988-04-09,Sábado,MC 3º,0,-20
2425,1988-03-16,Quarta-feira,MC 2º,0,-6
2416,1988-02-10,Quarta-feira,MC 4º,0,-9
2414,1988-02-03,Quarta-feira,MC 1º,0,-2
2409,1988-01-16,Sábado,MC 4º,0,-5
2404,1987-12-23,Quarta-feira,MC 4º,0,-5
2373,1987-08-19,Quarta-feira,MC 1º,0,-31
2365,1987-07-22,Quarta-feira,MC 1º,0,-8
2359,1987-07-01,Quarta-feira,MC 5º,0,-6
2333,1987-03-28,Sábado,MC 4º,0,-26
2299,1986-11-12,Quarta-feira,MC 1º,0,-34
2251,1986-05-07,Quarta-feira,MC 5º,0,-48
2242,1986-03-26,Quarta-feira,MC 1º,0,-9
2186,1985-08-21,Quarta-feira,MC 1º,0,-56
2170,1985-06-26,Quarta-feira,MC 1º,0,-16
2156,1985-04-28,Domingo,MC 1º,0,-14
2133,1985-02-02,Sábado,MC 3º,0,-23
2119,1984-12-08,Sábado,MC 4º,0,-14
2118,1984-12-05,Quarta-feira,MC 4º,0,-1
2100,1984-09-15,Sábado,MC 4º,0,-18
2099,1984-09-12,Quarta-feira,MC 2º,0,-1
2084,1984-07-14,Sábado,MC 2º,0,-15
2032,1983-12-21,Quarta-feira,MC 5º,0,-52
1970,1983-04-20,Quarta-feira,MC 4º,0,-62
1967,1983-04-09,Sábado,MC 5º,0,-3
1965,1983-04-01,Sexta-feira,MC 1º,0,-2
1928,1982-11-10,Quarta-feira,MC 5º,0,-37
1911,1982-08-28,Sábado,MC 5º,0,-17
1886,1982-05-29,Sábado,MC 1º,0,-25
1849,1981-12-23,Quarta-feira,MC 2º,0,-37
1830,1981-10-14,Quarta-feira,MC 3º,0,-19
1828,1981-10-03,Sábado,MC 1º,0,-2
1738,1980-10-18,Sábado,MC 4º,0,-90
1709,1980-07-02,Quarta-feira,MC 5º,0,-29
1706,1980-06-21,Sábado,MC 3º,0,-3
1684,1980-03-26,Quarta-feira,MC 5º,0,-22
1673,1980-02-13,Quarta-feira,MC 4º,0,-11
1664,1980-01-05,Sábado,MC 1º,0,-9
1629,1979-08-15,Quarta-feira,MC 2º,0,-35
1576,1979-01-17,Quarta-feira,MC 3º,0,-53
1564,1978-12-02,Sábado,MC 5º,0,-12
1548,1978-09-27,Quarta-feira,MC 2º,0,-16
1522,1978-06-24,Sábado,MC 2º,0,-26
1456,1977-10-05,Quarta-feira,MC 4º,0,-66
1406,1977-03-30,Quarta-feira,MC 1º,0,-50
1390,1977-01-29,Sábado,MC 5º,0,-16
1379,1976-12-11,Sábado,MC 4º,0,-11
1367,1976-10-27,Quarta-feira,MC 1º,0,-12
1359,1976-09-25,Sábado,MC 1º,0,-8
1337,1976-07-07,Quarta-feira,MC 4º,0,-22
1307,1976-03-13,Sábado,MC 2º,0,-30
1301,1976-02-18,Quarta-feira,MC 1º,0,-6
1283,1975-12-06,Sábado,MC 1º,0,-18
1260,1975-09-10,Quarta-feira,MC 4º,0,-23
1247,1975-07-23,Quarta-feira,MC 5º,0,-13
1243,1975-07-09,Quarta-feira,MC 5º,0,-4
1235,1975-06-11,Quarta-feira,MC 4º,0,-8
1166,1974-09-21,Sábado,MC 4º,0,-69
1164,1974-09-14,Sábado,MC 2º,0,-2
1163,1974-09-11,Quarta-feira,MC 5º,0,-1
1137,1974-06-05,Quarta-feira,MC 5º,0,-26
1129,1974-05-08,Quarta-feira,MC 5º,0,-8
1075,1973-10-17,Quarta-feira,MC 2º,0,-54
1070,1973-09-29,Sábado,MC 2º,0,-5
1044,1973-06-27,Quarta-feira,MC 3º,0,-26
1034,1973-05-23,Quarta-feira,MC 2º,0,-10
1007,1973-01-31,Quarta-feira,MC 3º,0,-27
957,1972-06-17,Sábado,MC 2º,0,-50
926,1972-02-05,Sábado,MC 2º,0,-31
888,1971-08-28,Sábado,MC 5º,0,-38
887,1971-08-25,Quarta-feira,MC 1º,0,-1
877,1971-07-17,Sábado,MC 2º,0,-10
844,1971-03-13,Sábado,MC 2º,0,-33
835,1971-02-06,Sábado,MC 3º,0,-9
827,1971-01-06,Quarta-feira,MC 2º,0,-8
816,1970-11-21,Sábado,MC 3º,0,-11
814,1970-11-14,Sábado,MC 3º,0,-2
811,1970-11-04,Quarta-feira,MC 1º,0,-3
806,1970-10-17,Sábado,MC 5º,0,-5
770,1970-06-13,Sábado,MC 4º,0,-36
709,1969-10-25,Sábado,MC 4º,0,-61
698,1969-09-17,Quarta-feira,MC 2º,0,-11
666,1969-05-28,Quarta-feira,MC 1º,0,-32
664,1969-05-21,Quarta-feira,MC 3º,0,-2
655,1969-04-19,Sábado,MC 2º,0,-9
638,1969-02-12,Quarta-feira,MC 1º,0,-17
637,1969-02-08,Sábado,MC 2º,0,-1
615,1968-11-16,Sábado,MC 2º,0,-22
602,1968-09-28,Sábado,MC 1º,0,-13
589,1968-08-10,Sábado,MC 1º,0,-13
567,1968-05-25,Sábado,MC 4º,0,-22
563,1968-05-11,Sábado,MC 1º,0,-4
553,1968-04-03,Quarta-feira,MC 3º,0,-10
537,1968-02-03,Sábado,MC 4º,0,-16
487,1967-08-09,Quarta-feira,MC 1º,0,-50
453,1967-04-12,Quarta-feira,MC 1º,0,-34
448,1967-03-25,Sábado,MC 2º,0,-5
446,1967-03-18,Sábado,MC 3º,0,-2
444,1967-03-11,Sábado,MC 4º,0,-2
438,1967-02-18,Sábado,MC 2º,0,-6
434,1967-02-01,Quarta-feira,MC 2º,0,-4
423,1966-12-24,Sábado,MC 1º,0,-11
420,1966-12-14,Quarta-feira,MC 4º,0,-3
413,1966-11-19,Sábado,MC 3º,0,-7
410,1966-11-09,Quarta-feira,MC 3º,0,-3
402,1966-10-08,Sábado,MC 5º,0,-8
399,1966-09-28,Quarta-feira,MC 2º,0,-3
396,1966-09-17,Sábado,MC 4º,0,-3
383,1966-08-02,Terça-feira,MC 1º,0,-13
382,1966-08-01,Segunda-feira,MC 1º,0,-1
379,1966-07-16,Sábado,MC 5º,0,-3
377,1966-07-07,Quinta-feira,MC 5º,0,-2
363,1966-05-21,Sábado,MC 3º,0,-14
354,1966-04-20,Quarta-feira,MC 1º,0,-9
310,1965-11-06,Sábado,MC 2º,0,-44
304,1965-10-16,Sábado,MC 4º,0,-6
276,1965-07-10,Sábado,MC 3º,0,-28
261,1965-05-19,Quarta-feira,MC 5º,0,-15
234,1965-02-03,Quarta-feira,MC 2º,0,-27
227,1965-01-06,Quarta-feira,MC 2º,0,-7
217,1964-11-28,Sábado,MC 5º,0,-10
167,1964-06-03,Quarta-feira,MC 3º,0,-50
166,1964-05-30,Sábado,MC 5º,0,-1
151,1964-04-08,Quarta-feira,MC 2º,0,-15
124,1963-12-21,Sábado,MC 2º,0,-27
101,1963-09-28,Sábado,MC 3º,0,-23
81,1963-07-17,Quarta-feira,MC 4º,0,-20
59,1963-04-27,Sábado,MC 2º,0,-22
58,1963-04-24,Quarta-feira,MC 1º,0,-1
47,1963-03-13,Quarta-feira,MC 5º,0,-11
