Concurso,Data,Dia da Semana,Sorteio,Dezena,Atraso
4,1962-10-03,Quarta-feira,D 2º,54,4
17,1962-11-21,Quarta-feira,D 3º,54,13
48,1963-03-16,Sábado,D 3º,54,31
58,1963-04-24,Quarta-feira,D 5º,54,10
148,1964-03-25,Quarta-feira,D 1º,54,90
179,1964-07-15,Quarta-feira,D 4º,54,31
195,1964-09-12,Sábado,D 2º,54,16
202,1964-10-07,Quarta-feira,D 2º,54,7
237,1965-02-13,Sábado,D 2º,54,35
240,1965-02-24,Quarta-feira,D 4º,54,3
247,1965-03-24,Quarta-feira,D 1º,54,7
284,1965-08-07,Sábado,D 4º,54,37
286,1965-08-14,Sábado,D 4º,54,2
292,1965-09-04,Sábado,D 1º,54,6
304,1965-10-16,Sábado,D 3º,54,12
340,1966-03-02,Quarta-feira,D 4º,54,36
347,1966-03-26,Sábado,D 4º,54,7
360,1966-05-11,Quarta-feira,D 5º,54,13
368,1966-06-08,Quarta-feira,D 4º,54,8
376,1966-07-06,Quarta-feira,D 2º,54,8
406,1966-10-22,Sábado,D 3º,54,30
407,1966-10-26,Quarta-feira,D 2º,54,1
413,1966-11-19,Sábado,D 1º,54,6
419,1966-12-10,Sábado,D 1º,54,6
427,1967-01-07,Sábado,D 5º,54,8
436,1967-02-11,Sábado,D 3º,54,9
436,1967-02-11,Sábado,D 4º,54,0
463,1967-05-17,Quarta-feira,D 2º,54,27
488,1967-08-12,Sábado,D 1º,54,25
520,1967-12-06,Quarta-feira,D 3º,54,32
531,1968-01-13,Sábado,D 1º,54,11
542,1968-02-21,Quarta-feira,D 4º,54,11
553,1968-04-03,Quarta-feira,D 4º,54,11
555,1968-04-10,Quarta-feira,D 2º,54,2
559,1968-04-24,Quarta-feira,D 5º,54,4
563,1968-05-11,Sábado,D 1º,54,4
587,1968-08-03,Sábado,D 2º,54,24
592,1968-08-21,Quarta-feira,D 1º,54,5
598,1968-09-14,Sábado,D 3º,54,6
625,1968-12-21,Sábado,D 5º,54,27
642,1969-03-01,Sábado,D 4º,54,17
659,1969-05-03,Sábado,D 2º,54,17
664,1969-05-21,Quarta-feira,D 1º,54,5
670,1969-06-11,Quarta-feira,D 2º,54,6
695,1969-09-06,Sábado,D 2º,54,25
723,1969-12-17,Quarta-feira,D 2º,54,28
763,1970-05-20,Quarta-feira,D 1º,54,40
790,1970-08-22,Sábado,D 4º,54,27
791,1970-08-26,Quarta-feira,D 4º,54,1
813,1970-11-11,Quarta-feira,D 4º,54,22
834,1971-02-03,Quarta-feira,D 4º,54,21
838,1971-02-17,Quarta-feira,D 2º,54,4
857,1971-05-08,Sábado,D 5º,54,19
874,1971-07-07,Quarta-feira,D 1º,54,17
903,1971-10-23,Sábado,D 3º,54,29
945,1972-04-29,Sábado,D 2º,54,42
963,1972-07-15,Sábado,D 1º,54,18
964,1972-07-22,Sábado,D 3º,54,1
970,1972-08-19,Sábado,D 2º,54,6
982,1972-10-11,Quarta-feira,D 2º,54,12
986,1972-10-28,Sábado,D 1º,54,4
996,1972-12-09,Sábado,D 2º,54,10
1022,1973-04-07,Sábado,D 1º,54,26
1034,1973-05-23,Quarta-feira,D 2º,54,12
1053,1973-07-28,Sábado,D 4º,54,19
1105,1974-02-06,Quarta-feira,D 1º,54,52
1108,1974-02-16,Sábado,D 4º,54,3
1109,1974-02-20,Quarta-feira,D 5º,54,1
1114,1974-03-13,Quarta-feira,D 1º,54,5
1114,1974-03-13,Quarta-feira,D 4º,54,0
1118,1974-03-27,Quarta-feira,D 3º,54,4
1165,1974-09-18,Quarta-feira,D 1º,54,47
1187,1974-12-07,Sábado,D 5º,54,22
1197,1975-01-18,Sábado,D 4º,54,10
1206,1975-02-22,Sábado,D 5º,54,9
1209,1975-03-05,Quarta-feira,D 1º,54,3
1224,1975-04-30,Quarta-feira,D 3º,54,15
1295,1976-01-28,Quarta-feira,D 2º,54,71
1320,1976-05-08,Sábado,D 1º,54,25
1331,1976-06-16,Quarta-feira,D 5º,54,11
1342,1976-07-24,Sábado,D 1º,54,11
1361,1976-10-02,Sábado,D 3º,54,19
1371,1976-11-13,Sábado,D 3º,54,10
1393,1977-02-09,Quarta-feira,D 3º,54,22
1400,1977-03-09,Quarta-feira,D 5º,54,7
1405,1977-03-26,Sábado,D 2º,54,5
1409,1977-04-13,Quarta-feira,D 2º,54,4
1412,1977-04-23,Sábado,D 3º,54,3
1453,1977-09-24,Sábado,D 4º,54,41
1464,1977-11-12,Sábado,D 5º,54,11
1503,1978-04-12,Quarta-feira,D 3º,54,39
1524,1978-07-01,Sábado,D 4º,54,21
1577,1979-01-20,Sábado,D 4º,54,53
1599,1979-04-18,Quarta-feira,D 4º,54,22
1620,1979-07-11,Quarta-feira,D 5º,54,21
1623,1979-07-21,Sábado,D 2º,54,3
1631,1979-08-22,Quarta-feira,D 5º,54,8
1671,1980-02-06,Quarta-feira,D 2º,54,40
1673,1980-02-13,Quarta-feira,D 4º,54,2
1690,1980-04-19,Sábado,D 2º,54,17
1690,1980-04-19,Sábado,D 3º,54,0
1691,1980-04-23,Quarta-feira,D 1º,54,1
1697,1980-05-21,Quarta-feira,D 3º,54,6
1703,1980-06-11,Quarta-feira,D 3º,54,6
1714,1980-07-19,Sábado,D 4º,54,11
1716,1980-07-26,Sábado,D 4º,54,2
1847,1981-12-16,Quarta-feira,D 2º,54,131
1878,1982-04-24,Sábado,D 1º,54,31
1880,1982-05-05,Quarta-feira,D 2º,54,2
1956,1983-02-26,Sábado,D 5º,54,76
1970,1983-04-20,Quarta-feira,D 2º,54,14
1973,1983-05-04,Quarta-feira,D 3º,54,3
2008,1983-09-10,Sábado,D 5º,54,35
2010,1983-09-17,Sábado,D 4º,54,2
2011,1983-09-21,Quarta-feira,D 4º,54,1
2015,1983-10-05,Quarta-feira,D 5º,54,4
2031,1983-12-17,Sábado,D 1º,54,16
2062,1984-04-14,Sábado,D 3º,54,31
2063,1984-04-18,Quarta-feira,D 3º,54,1
2081,1984-07-04,Quarta-feira,D 3º,54,18
2129,1985-01-19,Sábado,D 2º,54,48
2167,1985-06-15,Sábado,D 1º,54,38
2175,1985-07-13,Sábado,D 3º,54,8
2213,1985-12-04,Quarta-feira,D 2º,54,38
2256,1986-05-24,Sábado,D 5º,54,43
2259,1986-06-07,Sábado,D 2º,54,3
2265,1986-06-28,Sábado,D 5º,54,6
2288,1986-09-27,Sábado,D 4º,54,23
2289,1986-10-01,Quarta-feira,D 4º,54,1
2306,1986-12-10,Quarta-feira,D 5º,54,17
2316,1987-01-24,Sábado,D 3º,54,10
2339,1987-04-22,Quarta-feira,D 5º,54,23
2352,1987-06-06,Sábado,D 4º,54,13
2365,1987-07-22,Quarta-feira,D 3º,54,13
2368,1987-08-02,Domingo,D 1º,54,3
2374,1987-08-22,Sábado,D 5º,54,6
2375,1987-08-26,Quarta-feira,D 3º,54,1
2378,1987-09-05,Sábado,D 5º,54,3
2395,1987-11-18,Quarta-feira,D 5º,54,17
2406,1988-01-06,Quarta-feira,D 3º,54,11
2408,1988-01-13,Quarta-feira,D 5º,54,2
2426,1988-03-19,Sábado,D 3º,54,18
2436,1988-04-30,Sábado,D 5º,54,10
2452,1988-07-02,Sábado,D 5º,54,16
2455,1988-07-13,Quarta-feira,D 2º,54,3
2509,1989-02-15,Quarta-feira,D 3º,54,54
2532,1989-05-17,Quarta-feira,D 3º,54,23
2549,1989-07-22,Sábado,D 3º,54,17
2556,1989-08-19,Sábado,D 2º,54,7
2586,1989-12-23,Sábado,D 2º,54,30
2602,1990-03-14,Quarta-feira,D 4º,54,16
2608,1990-04-11,Quarta-feira,D 1º,54,6
2616,1990-05-19,Sábado,D 2º,54,8
2627,1990-07-07,Sábado,D 5º,54,11
2670,1990-12-29,Sábado,D 4º,54,43
2682,1991-02-16,Sábado,D 3º,54,12
2683,1991-02-20,Quarta-feira,D 3º,54,1
2689,1991-03-13,Quarta-feira,D 1º,54,6
2694,1991-04-03,Quarta-feira,D 2º,54,5
2720,1991-07-17,Quarta-feira,D 5º,54,26
2744,1991-10-16,Quarta-feira,D 2º,54,24
2773,1992-02-12,Quarta-feira,D 4º,54,29
2810,1992-08-08,Sábado,D 1º,54,37
2831,1993-01-09,Sábado,D 2º,54,21
2861,1993-08-14,Sábado,D 4º,54,30
2890,1994-01-15,Sábado,D 2º,54,29
2899,1994-02-19,Sábado,D 3º,54,9
2920,1994-05-11,Quarta-feira,D 2º,54,21
2928,1994-06-15,Quarta-feira,D 1º,54,8
2950,1994-09-03,Sábado,D 2º,54,22
2974,1994-12-14,Quarta-feira,D 4º,54,24
2980,1995-01-14,Sábado,D 2º,54,6
2999,1995-04-01,Sábado,D 4º,54,19
3009,1995-05-20,Sábado,D 2º,54,10
3047,1995-10-21,Sábado,D 2º,54,38
3047,1995-10-21,Sábado,D 4º,54,0
3049,1995-10-28,Sábado,D 3º,54,2
3053,1995-10-22,Domingo,D 1º,54,4
3063,1996-01-06,Sábado,D 1º,54,10
3070,1996-01-31,Quarta-feira,D 3º,54,7
3074,1996-02-17,Sábado,D 5º,54,4
3079,1996-03-09,Sábado,D 5º,54,5
3087,1996-04-17,Quarta-feira,D 4º,54,8
3101,1996-06-12,Quarta-feira,D 5º,54,14
3162,1997-03-05,Quarta-feira,D 1º,54,61
3166,1997-03-19,Quarta-feira,D 2º,54,4
3196,1997-07-19,Sábado,D 3º,54,30
3215,1997-10-01,Quarta-feira,D 4º,54,19
3231,1997-11-29,Sábado,D 5º,54,16
3253,1998-02-28,Sábado,D 1º,54,22
3253,1998-02-28,Sábado,D 5º,54,0
3266,1998-04-18,Sábado,D 4º,54,13
3272,1998-05-20,Quarta-feira,D 1º,54,6
3275,1998-05-30,Sábado,D 3º,54,3
3288,1998-07-22,Quarta-feira,D 4º,54,13
3304,1998-09-23,Quarta-feira,D 2º,54,16
3306,1998-09-30,Quarta-feira,D 1º,54,2
3319,1998-11-21,Sábado,D 4º,54,13
3337,1999-02-03,Quarta-feira,D 5º,54,18
3353,1999-04-07,Quarta-feira,D 5º,54,16
3373,1999-06-26,Sábado,D 1º,54,20
3378,1999-07-14,Quarta-feira,D 3º,54,5
3382,1999-07-28,Quarta-feira,D 1º,54,4
3383,1999-07-31,Sábado,D 4º,54,1
3443,2000-03-25,Sábado,D 2º,54,60
3492,2000-09-30,Sábado,D 2º,54,49
3499,2000-10-28,Sábado,D 5º,54,7
3568,2001-08-04,Sábado,D 1º,54,69
3585,2001-10-06,Sábado,D 1º,54,17
3607,2002-01-12,Sábado,D 4º,54,22
3673,2002-09-25,Quarta-feira,D 1º,54,66
3680,2002-10-23,Quarta-feira,D 3º,54,7
3718,2003-03-19,Quarta-feira,D 3º,54,38
3741,2003-06-11,Quarta-feira,D 3º,54,23
3766,2003-09-06,Sábado,D 1º,54,25
3802,2004-01-21,Quarta-feira,D 4º,54,36
3808,2004-02-11,Quarta-feira,D 2º,54,6
3830,2004-05-08,Sábado,D 5º,54,22
3836,2004-05-29,Sábado,D 5º,54,6
3840,2004-06-12,Sábado,D 4º,54,4
3870,2004-09-25,Sábado,D 3º,54,30
3891,2004-12-08,Quarta-feira,D 2º,54,21
3924,2005-04-09,Sábado,D 1º,54,33
3925,2005-04-13,Quarta-feira,D 1º,54,1
3928,2005-04-23,Sábado,D 2º,54,3
3939,2005-06-01,Quarta-feira,D 3º,54,11
3992,2005-12-14,Quarta-feira,D 1º,54,53
4001,2006-01-14,Sábado,D 2º,54,9
4021,2006-03-25,Sábado,D 1º,54,20
4047,2006-06-24,Sábado,D 4º,54,26
4069,2006-09-09,Sábado,D 1º,54,22
4089,2006-11-22,Quarta-feira,D 5º,54,20
4098,2006-12-23,Sábado,D 2º,54,9
4105,2007-01-17,Quarta-feira,D 5º,54,7
4125,2007-03-28,Quarta-feira,D 1º,54,20
4126,2007-03-31,Sábado,D 4º,54,1
4139,2007-05-19,Sábado,D 5º,54,13
4179,2007-10-06,Sábado,D 3º,54,40
4197,2007-12-08,Sábado,D 1º,54,18
4210,2008-01-23,Quarta-feira,D 5º,54,13
4236,2008-04-23,Quarta-feira,D 1º,54,26
4257,2008-07-05,Sábado,D 2º,54,21
4267,2008-08-09,Sábado,D 5º,54,10
4293,2008-11-08,Sábado,D 1º,54,26
4311,2009-01-14,Quarta-feira,D 3º,54,18
4316,2009-01-31,Sábado,D 2º,54,5
4330,2009-03-21,Sábado,D 1º,54,14
4345,2009-05-13,Quarta-feira,D 5º,54,15
4350,2009-05-30,Sábado,D 1º,54,5
4366,2009-07-25,Sábado,D 3º,54,16
4410,2009-12-26,Sábado,D 3º,54,44
4486,2010-09-22,Quarta-feira,D 1º,54,76
4487,2010-09-25,Sábado,D 3º,54,1
4488,2010-09-29,Quarta-feira,D 4º,54,1
4527,2011-02-12,Sábado,D 2º,54,39
4531,2011-02-26,Sábado,D 1º,54,4
4535,2011-03-12,Sábado,D 5º,54,4
4545,2011-04-16,Sábado,D 4º,54,10
4604,2011-11-09,Quarta-feira,D 1º,54,59
4637,2012-03-03,Sábado,D 4º,54,33
4653,2012-04-28,Sábado,D 3º,54,16
4658,2012-05-16,Quarta-feira,D 4º,54,5
4659,2012-05-19,Sábado,D 4º,54,1
4694,2012-09-19,Quarta-feira,D 3º,54,35
4696,2012-09-26,Quarta-feira,D 3º,54,2
4709,2012-11-10,Sábado,D 4º,54,13
4774,2013-06-26,Quarta-feira,D 3º,54,65
4790,2013-08-21,Quarta-feira,D 1º,54,16
4819,2013-11-30,Sábado,D 4º,54,29
4838,2014-02-05,Quarta-feira,D 5º,54,19
4853,2014-03-29,Sábado,D 3º,54,15
4859,2014-04-19,Sábado,D 4º,54,6
4860,2014-04-23,Quarta-feira,D 3º,54,1
4877,2014-06-21,Sábado,D 1º,54,17
4907,2014-10-04,Sábado,D 2º,54,30
4907,2014-10-04,Sábado,D 5º,54,0
4940,2015-01-28,Quarta-feira,D 4º,54,33
4948,2015-02-25,Quarta-feira,D 1º,54,8
4957,2015-03-28,Sábado,D 3º,54,9
4964,2015-04-22,Quarta-feira,D 1º,54,7
4975,2015-05-30,Sábado,D 3º,54,11
5008,2015-09-23,Quarta-feira,D 1º,54,33
5010,2015-09-30,Quarta-feira,D 1º,54,2
5027,2015-11-28,Sábado,D 4º,54,17
5030,2015-12-09,Quarta-feira,D 4º,54,3
5059,2016-03-19,Sábado,D 2º,54,29
5078,2016-05-25,Quarta-feira,D 2º,54,19
5124,2016-11-01,Terça-feira,D 3º,54,46
5132,2016-11-30,Quarta-feira,D 4º,54,8
5133,2016-12-03,Sábado,D 5º,54,1
5139,2016-12-24,Sábado,D 4º,54,6
5166,2017-03-29,Quarta-feira,D 1º,54,27
5177,2017-05-06,Sábado,D 4º,54,11
5272,2018-04-04,Quarta-feira,D 1º,54,95
5336,2018-11-14,Quarta-feira,D 5º,54,64
5342,2018-12-05,Quarta-feira,D 3º,54,6
5347,2018-12-22,Sábado,D 1º,54,5
5371,2019-03-16,Sábado,D 3º,54,24
5394,2019-06-05,Quarta-feira,D 3º,54,23
5415,2019-08-17,Sábado,D 5º,54,21
5423,2019-09-14,Sábado,D 4º,54,8
5426,2019-09-25,Quarta-feira,D 1º,54,3
5433,2019-10-19,Sábado,D 2º,54,7
5437,2019-11-01,Sexta-feira,D 1º,54,4
5446,2019-12-04,Quarta-feira,D 1º,54,9
5452,2019-12-24,Terça-feira,D 5º,54,6
5456,2020-01-04,Sábado,D 3º,54,4
5474,2020-03-07,Sábado,D 2º,54,18
5475,2020-03-11,Quarta-feira,D 4º,54,1
5483,2020-08-08,Sábado,D 3º,54,8
5489,2020-09-19,Sábado,D 2º,54,6
5542,2021-02-27,Sábado,D 4º,54,53
5594,2021-09-04,Sábado,D 5º,54,52
5600,2021-09-25,Sábado,D 5º,54,6
5605,2021-10-13,Quarta-feira,D 3º,54,5
5606,2021-10-16,Sábado,D 2º,54,1
5619,2021-12-04,Sábado,D 5º,54,13
5622,2021-12-15,Quarta-feira,D 1º,54,3
5626,2021-12-31,Sexta-feira,D 2º,54,4
5687,2022-08-06,Sábado,D 5º,54,61
5690,2022-08-17,Quarta-feira,D 2º,54,3
5700,2022-09-21,Quarta-feira,D 2º,54,10
5702,2022-09-28,Quarta-feira,D 5º,54,2
5726,2022-12-24,Sábado,D 1º,54,24
5754,2023-04-08,Sábado,D 5º,54,28
5777,2023-06-28,Quarta-feira,D 1º,54,23
5793,2023-08-23,Quarta-feira,D 2º,54,16
5794,2023-08-26,Sábado,D 4º,54,1
5795,2023-08-30,Quarta-feira,D 2º,54,1
5806,2023-10-07,Sábado,D 3º,54,11
5813,2023-11-01,Quarta-feira,D 1º,54,7
5819,2023-11-22,Quarta-feira,D 1º,54,6
5819,2023-11-22,Quarta-feira,D 4º,54,0
5845,2024-03-02,Sábado,D 5º,54,26
