Concurso,Data,Dia da Semana,Sorteio,Dezena,Atraso
30,1963-01-09,Quarta-feira,D 2º,12,30
65,1963-05-22,Quarta-feira,D 4º,12,35
83,1963-07-24,Quarta-feira,D 3º,12,18
109,1963-10-26,Sábado,D 2º,12,26
143,1964-03-07,Sábado,D 4º,12,34
147,1964-03-21,Sábado,D 3º,12,4
175,1964-07-01,Quarta-feira,D 5º,12,28
182,1964-07-25,Sábado,D 1º,12,7
184,1964-08-01,Sábado,D 3º,12,2
238,1965-02-17,Quarta-feira,D 3º,12,54
260,1965-05-15,Sábado,D 2º,12,22
266,1965-06-05,Sábado,D 5º,12,6
267,1965-06-09,Quarta-feira,D 3º,12,1
274,1965-07-03,Sábado,D 2º,12,7
285,1965-08-11,Quarta-feira,D 3º,12,11
356,1966-04-27,Quarta-feira,D 1º,12,71
356,1966-04-27,Quarta-feira,D 2º,12,0
381,1966-07-23,Sábado,D 2º,12,25
412,1966-11-16,Quarta-feira,D 1º,12,31
438,1967-02-18,Sábado,D 4º,12,26
452,1967-04-08,Sábado,D 4º,12,14
468,1967-06-03,Sábado,D 4º,12,16
489,1967-08-16,Quarta-feira,D 5º,12,21
516,1967-11-22,Quarta-feira,D 1º,12,27
531,1968-01-13,Sábado,D 4º,12,15
544,1968-03-02,Sábado,D 4º,12,13
554,1968-04-06,Sábado,D 1º,12,10
573,1968-06-15,Sábado,D 3º,12,19
574,1968-06-19,Quarta-feira,D 1º,12,1
590,1968-08-14,Quarta-feira,D 1º,12,16
594,1968-08-28,Quarta-feira,D 1º,12,4
598,1968-09-14,Sábado,D 1º,12,4
626,1968-12-28,Sábado,D 5º,12,28
675,1969-06-28,Sábado,D 2º,12,49
698,1969-09-17,Quarta-feira,D 3º,12,23
798,1970-09-19,Sábado,D 2º,12,100
805,1970-10-14,Quarta-feira,D 1º,12,7
810,1970-10-31,Sábado,D 2º,12,5
817,1970-11-25,Quarta-feira,D 3º,12,7
823,1970-12-16,Quarta-feira,D 4º,12,6
824,1970-12-19,Sábado,D 3º,12,1
855,1971-04-28,Quarta-feira,D 1º,12,31
855,1971-04-28,Quarta-feira,D 2º,12,0
855,1971-04-28,Quarta-feira,D 5º,12,0
896,1971-09-29,Quarta-feira,D 4º,12,41
931,1972-03-04,Sábado,D 2º,12,35
951,1972-05-24,Quarta-feira,D 1º,12,20
968,1972-08-09,Quarta-feira,D 2º,12,17
976,1972-09-16,Sábado,D 2º,12,8
1017,1973-03-17,Sábado,D 1º,12,41
1021,1973-04-04,Quarta-feira,D 4º,12,4
1024,1973-04-14,Sábado,D 4º,12,3
1024,1973-04-14,Sábado,D 5º,12,0
1049,1973-07-14,Sábado,D 2º,12,25
1129,1974-05-08,Quarta-feira,D 1º,12,80
1149,1974-07-17,Quarta-feira,D 4º,12,20
1172,1974-10-12,Sábado,D 2º,12,23
1222,1975-04-23,Quarta-feira,D 4º,12,50
1255,1975-08-23,Sábado,D 5º,12,33
1265,1975-09-27,Sábado,D 1º,12,10
1313,1976-04-03,Sábado,D 3º,12,48
1316,1976-04-14,Quarta-feira,D 5º,12,3
1347,1976-08-14,Sábado,D 5º,12,31
1350,1976-08-25,Quarta-feira,D 4º,12,3
1376,1976-12-01,Quarta-feira,D 5º,12,26
1403,1977-03-19,Sábado,D 1º,12,27
1540,1978-08-30,Quarta-feira,D 1º,12,137
1549,1978-09-30,Sábado,D 5º,12,9
1561,1978-11-22,Quarta-feira,D 5º,12,12
1592,1979-03-21,Quarta-feira,D 5º,12,31
1612,1979-06-13,Quarta-feira,D 2º,12,20
1642,1979-10-03,Quarta-feira,D 2º,12,30
1659,1979-12-12,Quarta-feira,D 4º,12,17
1682,1980-03-19,Quarta-feira,D 5º,12,23
1711,1980-07-09,Quarta-feira,D 4º,12,29
1751,1980-12-06,Sábado,D 3º,12,40
1768,1981-02-11,Quarta-feira,D 5º,12,17
1775,1981-03-11,Quarta-feira,D 3º,12,7
1797,1981-06-13,Sábado,D 1º,12,22
1798,1981-06-17,Quarta-feira,D 4º,12,1
1799,1981-06-20,Sábado,D 4º,12,1
1836,1981-11-04,Quarta-feira,D 5º,12,37
1839,1981-11-18,Quarta-feira,D 3º,12,3
1868,1982-03-10,Quarta-feira,D 2º,12,29
1877,1982-04-17,Sábado,D 3º,12,9
1901,1982-07-21,Quarta-feira,D 1º,12,24
1907,1982-08-14,Sábado,D 3º,12,6
1955,1983-02-23,Quarta-feira,D 1º,12,48
1971,1983-04-23,Sábado,D 5º,12,16
2017,1983-10-19,Quarta-feira,D 1º,12,46
2035,1984-01-04,Quarta-feira,D 4º,12,18
2057,1984-03-28,Quarta-feira,D 3º,12,22
2059,1984-04-04,Quarta-feira,D 1º,12,2
2072,1984-05-30,Quarta-feira,D 5º,12,13
2094,1984-08-22,Quarta-feira,D 2º,12,22
2148,1985-03-30,Sábado,D 5º,12,54
2158,1985-05-11,Sábado,D 2º,12,10
2163,1985-05-29,Quarta-feira,D 2º,12,5
2216,1985-12-14,Sábado,D 4º,12,53
2230,1986-02-08,Sábado,D 4º,12,14
2272,1986-07-23,Quarta-feira,D 1º,12,42
2299,1986-11-12,Quarta-feira,D 2º,12,27
2303,1986-11-29,Sábado,D 2º,12,4
2310,1986-12-31,Quarta-feira,D 1º,12,7
2349,1987-05-27,Quarta-feira,D 1º,12,39
2358,1987-06-27,Sábado,D 3º,12,9
2367,1987-07-29,Quarta-feira,D 1º,12,9
2373,1987-08-19,Quarta-feira,D 4º,12,6
2378,1987-09-05,Sábado,D 2º,12,5
2383,1987-09-30,Quarta-feira,D 5º,12,5
2404,1987-12-23,Quarta-feira,D 2º,12,21
2419,1988-02-24,Quarta-feira,D 2º,12,15
2456,1988-07-16,Sábado,D 2º,12,37
2507,1989-02-04,Sábado,D 1º,12,51
2537,1989-06-07,Quarta-feira,D 3º,12,30
2543,1989-07-01,Sábado,D 4º,12,6
2570,1989-10-15,Domingo,D 3º,12,27
2593,1990-02-07,Quarta-feira,D 4º,12,23
2599,1990-03-03,Sábado,D 1º,12,6
2622,1990-06-09,Sábado,D 3º,12,23
2627,1990-07-07,Sábado,D 1º,12,5
2628,1990-07-11,Quarta-feira,D 5º,12,1
2637,1990-08-11,Sábado,D 5º,12,9
2638,1990-08-15,Quarta-feira,D 3º,12,1
2656,1990-10-27,Sábado,D 5º,12,18
2761,1991-12-28,Sábado,D 4º,12,105
2834,1993-01-30,Sábado,D 3º,12,73
2850,1993-05-29,Sábado,D 3º,12,16
2862,1993-08-21,Sábado,D 2º,12,12
2899,1994-02-19,Sábado,D 2º,12,37
2918,1994-05-04,Quarta-feira,D 1º,12,19
2921,1994-05-14,Sábado,D 4º,12,3
2937,1994-07-20,Quarta-feira,D 4º,12,16
2947,1994-08-24,Quarta-feira,D 4º,12,10
3007,1995-05-13,Sábado,D 4º,12,60
3013,1995-06-03,Sábado,D 5º,12,6
3014,1995-06-07,Quarta-feira,D 5º,12,1
3015,1995-06-10,Sábado,D 4º,12,1
3026,1995-07-29,Sábado,D 2º,12,11
3027,1995-08-02,Quarta-feira,D 3º,12,1
3031,1995-08-16,Quarta-feira,D 1º,12,4
3037,1995-09-06,Quarta-feira,D 5º,12,6
3049,1995-10-28,Sábado,D 1º,12,12
3059,1995-12-13,Quarta-feira,D 3º,12,10
3066,1996-01-17,Quarta-feira,D 2º,12,7
3069,1996-01-27,Sábado,D 2º,12,3
3073,1996-02-14,Quarta-feira,D 3º,12,4
3098,1996-05-29,Quarta-feira,D 3º,12,25
3121,1996-08-31,Sábado,D 1º,12,23
3161,1997-03-01,Sábado,D 5º,12,40
3165,1997-03-15,Sábado,D 4º,12,4
3209,1997-09-06,Sábado,D 5º,12,44
3222,1997-10-25,Sábado,D 1º,12,13
3226,1997-11-08,Sábado,D 1º,12,4
3235,1997-12-13,Sábado,D 5º,12,9
3249,1998-02-11,Quarta-feira,D 5º,12,14
3274,1998-05-27,Quarta-feira,D 3º,12,25
3274,1998-05-27,Quarta-feira,D 5º,12,0
3325,1998-12-12,Sábado,D 5º,12,51
3342,1999-02-24,Quarta-feira,D 1º,12,17
3350,1999-03-24,Quarta-feira,D 2º,12,8
3364,1999-05-19,Quarta-feira,D 2º,12,14
3373,1999-06-26,Sábado,D 3º,12,9
3413,1999-11-27,Sábado,D 5º,12,40
3428,2000-01-29,Sábado,D 4º,12,15
3451,2000-04-26,Quarta-feira,D 2º,12,23
3545,2001-05-09,Quarta-feira,D 5º,12,94
3552,2001-06-02,Sábado,D 3º,12,7
3552,2001-06-02,Sábado,D 4º,12,0
3620,2002-03-02,Sábado,D 4º,12,68
3650,2002-06-29,Sábado,D 2º,12,30
3656,2002-07-20,Sábado,D 3º,12,6
3660,2002-08-03,Sábado,D 2º,12,4
3692,2002-12-07,Sábado,D 2º,12,32
3695,2002-12-18,Quarta-feira,D 5º,12,3
3700,2003-01-11,Sábado,D 5º,12,5
3705,2003-01-29,Quarta-feira,D 2º,12,5
3728,2003-04-26,Sábado,D 2º,12,23
3752,2003-07-19,Sábado,D 5º,12,24
3854,2004-07-31,Sábado,D 1º,12,102
3858,2004-08-14,Sábado,D 5º,12,4
3887,2004-11-24,Quarta-feira,D 3º,12,29
3892,2004-12-11,Sábado,D 5º,12,5
3910,2005-02-19,Sábado,D 1º,12,18
3912,2005-02-26,Sábado,D 4º,12,2
3922,2005-04-02,Sábado,D 2º,12,10
3928,2005-04-23,Sábado,D 1º,12,6
3931,2005-05-04,Quarta-feira,D 3º,12,3
3951,2005-07-13,Quarta-feira,D 1º,12,20
3954,2005-07-23,Sábado,D 1º,12,3
3983,2005-11-12,Sábado,D 2º,12,29
4034,2006-05-10,Quarta-feira,D 4º,12,51
4069,2006-09-09,Sábado,D 4º,12,35
4105,2007-01-17,Quarta-feira,D 2º,12,36
4121,2007-03-14,Quarta-feira,D 1º,12,16
4133,2007-04-28,Sábado,D 3º,12,12
4166,2007-08-22,Quarta-feira,D 3º,12,33
4205,2008-01-05,Sábado,D 4º,12,39
4208,2008-01-16,Quarta-feira,D 1º,12,3
4214,2008-02-06,Quarta-feira,D 1º,12,6
4219,2008-02-23,Sábado,D 2º,12,5
4267,2008-08-09,Sábado,D 1º,12,48
4277,2008-09-13,Sábado,D 4º,12,10
4346,2009-05-16,Sábado,D 1º,12,69
4405,2009-12-09,Quarta-feira,D 2º,12,59
4408,2009-12-19,Sábado,D 1º,12,3
4420,2010-01-30,Sábado,D 1º,12,12
4492,2010-10-13,Quarta-feira,D 1º,12,72
4514,2010-12-29,Quarta-feira,D 4º,12,22
4530,2011-02-23,Quarta-feira,D 3º,12,16
4532,2011-03-02,Quarta-feira,D 2º,12,2
4534,2011-03-09,Quarta-feira,D 4º,12,2
4541,2011-04-02,Sábado,D 5º,12,7
4549,2011-04-30,Sábado,D 3º,12,8
4572,2011-07-20,Quarta-feira,D 5º,12,23
4585,2011-09-03,Sábado,D 2º,12,13
4675,2012-07-14,Sábado,D 1º,12,90
4677,2012-07-21,Sábado,D 5º,12,2
4718,2012-12-12,Quarta-feira,D 1º,12,41
4762,2013-05-15,Quarta-feira,D 3º,12,44
4823,2013-12-14,Sábado,D 4º,12,61
4830,2014-01-08,Quarta-feira,D 1º,12,7
4841,2014-02-15,Sábado,D 3º,12,11
4873,2014-06-07,Sábado,D 5º,12,32
4890,2014-08-06,Quarta-feira,D 4º,12,17
4894,2014-08-20,Quarta-feira,D 5º,12,4
4924,2014-12-03,Quarta-feira,D 5º,12,30
4926,2014-12-10,Quarta-feira,D 4º,12,2
4974,2015-05-27,Quarta-feira,D 5º,12,48
4985,2015-07-04,Sábado,D 2º,12,11
4998,2015-08-19,Quarta-feira,D 1º,12,13
5005,2015-09-12,Sábado,D 2º,12,7
5029,2015-12-05,Sábado,D 1º,12,24
5030,2015-12-09,Quarta-feira,D 3º,12,1
5033,2015-12-19,Sábado,D 4º,12,3
5044,2016-01-27,Quarta-feira,D 1º,12,11
5048,2016-02-10,Quarta-feira,D 2º,12,4
5062,2016-03-30,Quarta-feira,D 4º,12,14
5076,2016-05-18,Quarta-feira,D 4º,12,14
5111,2016-09-17,Sábado,D 4º,12,35
5130,2016-11-23,Quarta-feira,D 1º,12,19
5156,2017-02-22,Quarta-feira,D 1º,12,26
5161,2017-03-11,Sábado,D 5º,12,5
5185,2017-06-03,Sábado,D 3º,12,24
5227,2017-10-28,Sábado,D 2º,12,42
5239,2017-12-09,Sábado,D 4º,12,12
5249,2018-01-13,Sábado,D 3º,12,10
5265,2018-03-10,Sábado,D 5º,12,16
5281,2018-05-05,Sábado,D 5º,12,16
5289,2018-06-02,Sábado,D 4º,12,8
5301,2018-07-14,Sábado,D 5º,12,12
5304,2018-07-25,Quarta-feira,D 2º,12,3
5304,2018-07-25,Quarta-feira,D 5º,12,0
5321,2018-09-22,Sábado,D 1º,12,17
5324,2018-10-03,Quarta-feira,D 5º,12,3
5327,2018-10-13,Sábado,D 3º,12,3
5328,2018-10-17,Quarta-feira,D 5º,12,1
5339,2018-11-24,Sábado,D 5º,12,11
5350,2019-01-02,Quarta-feira,D 1º,12,11
5382,2019-04-24,Quarta-feira,D 5º,12,32
5397,2019-06-15,Sábado,D 5º,12,15
5440,2019-11-13,Quarta-feira,D 5º,12,43
5445,2019-11-30,Sábado,D 1º,12,5
5450,2019-12-18,Quarta-feira,D 3º,12,5
5458,2020-01-11,Sábado,D 4º,12,8
5567,2021-06-02,Quarta-feira,D 3º,12,109
5569,2021-06-09,Quarta-feira,D 1º,12,2
5591,2021-08-25,Quarta-feira,D 3º,12,22
5591,2021-08-25,Quarta-feira,D 4º,12,0
5600,2021-09-25,Sábado,D 1º,12,9
5610,2021-10-30,Sábado,D 4º,12,10
5640,2022-02-19,Sábado,D 2º,12,30
5678,2022-07-06,Quarta-feira,D 4º,12,38
5680,2022-07-13,Quarta-feira,D 2º,12,2
5719,2022-11-26,Sábado,D 2º,12,39
5724,2022-12-14,Quarta-feira,D 5º,12,5
5730,2023-01-11,Quarta-feira,D 4º,12,6
5750,2023-03-25,Sábado,D 2º,12,20
5763,2023-05-10,Quarta-feira,D 2º,12,13
5783,2023-07-19,Quarta-feira,D 1º,12,20
5797,2023-09-06,Quarta-feira,D 4º,12,14
5798,2023-09-06,Quarta-feira,D 4º,12,1
5807,2023-10-11,Quarta-feira,D 5º,12,9
5840,2024-02-10,Sábado,D 2º,12,33
5847,2024-03-09,Sábado,D 4º,12,7
5860,2024-04-24,Quarta-feira,D 4º,12,13
5866,2024-05-15,Quarta-feira,D 3º,12,6
