Concurso,Data,Dia da Semana,Sorteio,Dezena,Atraso
23,1962-12-15,Sábado,D 3º,48,23
36,1963-01-30,Quarta-feira,D 5º,48,13
54,1963-04-06,Sábado,D 3º,48,18
58,1963-04-24,Quarta-feira,D 4º,48,4
78,1963-07-06,Sábado,D 1º,48,20
114,1963-11-16,Sábado,D 5º,48,36
116,1963-11-23,Sábado,D 4º,48,2
125,1963-12-28,Sábado,D 4º,48,9
137,1964-02-15,Sábado,D 1º,48,12
154,1964-04-18,Sábado,D 1º,48,17
195,1964-09-12,Sábado,D 5º,48,41
199,1964-09-26,Sábado,D 4º,48,4
209,1964-10-31,Sábado,D 1º,48,10
287,1965-08-18,Quarta-feira,D 2º,48,78
296,1965-09-18,Sábado,D 1º,48,9
316,1965-11-27,Sábado,D 1º,48,20
343,1966-03-12,Sábado,D 2º,48,27
349,1966-04-02,Sábado,D 3º,48,6
384,1966-08-03,Quarta-feira,D 2º,48,35
458,1967-04-29,Sábado,D 4º,48,74
461,1967-05-10,Quarta-feira,D 3º,48,3
471,1967-06-14,Quarta-feira,D 3º,48,10
494,1967-09-02,Sábado,D 4º,48,23
540,1968-02-14,Quarta-feira,D 3º,48,46
596,1968-09-04,Quarta-feira,D 5º,48,56
615,1968-11-16,Sábado,D 1º,48,19
642,1969-03-01,Sábado,D 2º,48,27
642,1969-03-01,Sábado,D 3º,48,0
669,1969-06-07,Sábado,D 5º,48,27
696,1969-09-10,Quarta-feira,D 2º,48,27
714,1969-11-12,Quarta-feira,D 3º,48,18
723,1969-12-17,Quarta-feira,D 3º,48,9
745,1970-03-14,Sábado,D 4º,48,22
754,1970-04-18,Sábado,D 4º,48,9
757,1970-04-29,Quarta-feira,D 3º,48,3
757,1970-04-29,Quarta-feira,D 4º,48,0
778,1970-07-11,Sábado,D 1º,48,21
785,1970-08-05,Quarta-feira,D 2º,48,7
794,1970-09-05,Sábado,D 1º,48,9
796,1970-09-12,Sábado,D 2º,48,2
812,1970-11-07,Sábado,D 4º,48,16
828,1971-01-09,Sábado,D 4º,48,16
842,1971-03-06,Sábado,D 3º,48,14
863,1971-05-29,Sábado,D 2º,48,21
863,1971-05-29,Sábado,D 3º,48,0
864,1971-06-02,Quarta-feira,D 1º,48,1
877,1971-07-17,Sábado,D 2º,48,13
887,1971-08-25,Quarta-feira,D 4º,48,10
940,1972-04-08,Sábado,D 3º,48,53
950,1972-05-20,Sábado,D 3º,48,10
964,1972-07-22,Sábado,D 2º,48,14
999,1972-12-23,Sábado,D 2º,48,35
1009,1973-02-07,Quarta-feira,D 4º,48,10
1028,1973-05-02,Quarta-feira,D 2º,48,19
1037,1973-06-02,Sábado,D 1º,48,9
1042,1973-06-20,Quarta-feira,D 2º,48,5
1060,1973-08-25,Sábado,D 2º,48,18
1068,1973-09-22,Sábado,D 2º,48,8
1070,1973-09-29,Sábado,D 3º,48,2
1087,1973-11-28,Quarta-feira,D 1º,48,17
1092,1973-12-15,Sábado,D 5º,48,5
1237,1975-06-18,Quarta-feira,D 2º,48,145
1248,1975-07-26,Sábado,D 4º,48,11
1253,1975-08-16,Sábado,D 2º,48,5
1280,1975-11-26,Quarta-feira,D 4º,48,27
1299,1976-02-11,Quarta-feira,D 4º,48,19
1316,1976-04-14,Quarta-feira,D 4º,48,17
1327,1976-06-02,Quarta-feira,D 3º,48,11
1344,1976-08-04,Quarta-feira,D 4º,48,17
1363,1976-10-13,Quarta-feira,D 3º,48,19
1372,1976-11-17,Quarta-feira,D 1º,48,9
1379,1976-12-11,Sábado,D 1º,48,7
1405,1977-03-26,Sábado,D 1º,48,26
1411,1977-04-20,Quarta-feira,D 3º,48,6
1415,1977-05-07,Sábado,D 3º,48,4
1417,1977-05-14,Sábado,D 1º,48,2
1430,1977-06-29,Quarta-feira,D 5º,48,13
1444,1977-08-20,Sábado,D 4º,48,14
1484,1978-01-25,Quarta-feira,D 3º,48,40
1496,1978-03-15,Quarta-feira,D 1º,48,12
1565,1978-12-06,Quarta-feira,D 2º,48,69
1634,1979-09-01,Sábado,D 5º,48,69
1641,1979-09-29,Sábado,D 1º,48,7
1679,1980-03-08,Sábado,D 3º,48,38
1679,1980-03-08,Sábado,D 5º,48,0
1684,1980-03-26,Quarta-feira,D 1º,48,5
1691,1980-04-23,Quarta-feira,D 4º,48,7
1723,1980-08-23,Sábado,D 1º,48,32
1739,1980-10-22,Quarta-feira,D 1º,48,16
1757,1980-12-31,Quarta-feira,D 1º,48,18
1766,1981-02-04,Quarta-feira,D 5º,48,9
1772,1981-02-25,Quarta-feira,D 1º,48,6
1782,1981-04-08,Quarta-feira,D 3º,48,10
1795,1981-06-06,Sábado,D 5º,48,13
1797,1981-06-13,Sábado,D 3º,48,2
1824,1981-09-19,Sábado,D 4º,48,27
1828,1981-10-03,Sábado,D 1º,48,4
1829,1981-10-07,Quarta-feira,D 3º,48,1
1853,1982-01-13,Quarta-feira,D 3º,48,24
1875,1982-04-07,Quarta-feira,D 5º,48,22
1885,1982-05-26,Quarta-feira,D 2º,48,10
1892,1982-06-19,Sábado,D 3º,48,7
1910,1982-08-25,Quarta-feira,D 4º,48,18
1918,1982-09-25,Sábado,D 4º,48,8
1960,1983-03-16,Quarta-feira,D 3º,48,42
1962,1983-03-23,Quarta-feira,D 3º,48,2
1978,1983-05-21,Sábado,D 3º,48,16
1981,1983-06-01,Quarta-feira,D 3º,48,3
1983,1983-06-08,Quarta-feira,D 3º,48,2
1989,1983-06-29,Quarta-feira,D 2º,48,6
1998,1983-07-30,Sábado,D 3º,48,9
1999,1983-08-03,Quarta-feira,D 3º,48,1
2031,1983-12-17,Sábado,D 4º,48,32
2066,1984-05-09,Quarta-feira,D 3º,48,35
2076,1984-06-13,Quarta-feira,D 4º,48,10
2089,1984-08-01,Quarta-feira,D 3º,48,13
2097,1984-09-01,Sábado,D 4º,48,8
2104,1984-09-29,Sábado,D 3º,48,7
2123,1984-12-19,Quarta-feira,D 4º,48,19
2150,1985-04-10,Quarta-feira,D 5º,48,27
2162,1985-05-25,Sábado,D 4º,48,12
2200,1985-10-13,Domingo,D 1º,48,38
2216,1985-12-14,Sábado,D 2º,48,16
2222,1986-01-11,Sábado,D 4º,48,6
2233,1986-02-22,Sábado,D 3º,48,11
2237,1986-03-08,Sábado,D 2º,48,4
2262,1986-06-18,Quarta-feira,D 5º,48,25
2314,1987-01-17,Sábado,D 4º,48,52
2320,1987-02-07,Sábado,D 5º,48,6
2329,1987-03-14,Sábado,D 3º,48,9
2332,1987-03-25,Quarta-feira,D 4º,48,3
2337,1987-04-12,Domingo,D 3º,48,5
2343,1987-05-06,Quarta-feira,D 1º,48,6
2433,1988-04-16,Sábado,D 4º,48,90
2447,1988-06-15,Quarta-feira,D 5º,48,14
2460,1988-07-30,Sábado,D 2º,48,13
2489,1988-11-23,Quarta-feira,D 1º,48,29
2496,1988-12-17,Sábado,D 5º,48,7
2499,1989-01-07,Sábado,D 1º,48,3
2516,1989-03-11,Sábado,D 1º,48,17
2516,1989-03-11,Sábado,D 2º,48,0
2519,1989-03-26,Domingo,D 1º,48,3
2561,1989-09-06,Quarta-feira,D 5º,48,42
2584,1989-12-13,Quarta-feira,D 4º,48,23
2613,1990-05-09,Quarta-feira,D 4º,48,29
2660,1990-11-17,Sábado,D 2º,48,47
2667,1990-12-12,Quarta-feira,D 2º,48,7
2691,1991-03-20,Quarta-feira,D 4º,48,24
2723,1991-07-27,Sábado,D 4º,48,32
2723,1991-07-27,Sábado,D 5º,48,0
2724,1991-07-31,Quarta-feira,D 3º,48,1
2727,1991-08-10,Sábado,D 4º,48,3
2747,1991-10-26,Sábado,D 4º,48,20
2760,1991-12-21,Sábado,D 2º,48,13
2803,1992-06-20,Sábado,D 3º,48,43
2812,1992-08-22,Sábado,D 5º,48,9
2861,1993-08-14,Sábado,D 2º,48,49
2868,1993-10-02,Sábado,D 3º,48,7
2907,1994-03-19,Sábado,D 4º,48,39
2925,1994-05-28,Sábado,D 4º,48,18
2983,1995-01-25,Quarta-feira,D 4º,48,58
2997,1995-03-25,Sábado,D 3º,48,14
3100,1996-06-08,Sábado,D 1º,48,103
3118,1996-08-21,Quarta-feira,D 3º,48,18
3122,1996-09-07,Sábado,D 4º,48,4
3141,1996-11-30,Sábado,D 2º,48,19
3158,1997-02-15,Sábado,D 2º,48,17
3217,1997-10-08,Quarta-feira,D 5º,48,59
3292,1998-08-08,Sábado,D 4º,48,75
3293,1998-08-12,Quarta-feira,D 3º,48,1
3305,1998-09-26,Sábado,D 4º,48,12
3312,1998-10-24,Sábado,D 5º,48,7
3319,1998-11-21,Sábado,D 3º,48,7
3329,1999-01-06,Quarta-feira,D 5º,48,10
3345,1999-03-06,Sábado,D 4º,48,16
3348,1999-03-17,Quarta-feira,D 4º,48,3
3371,1999-06-16,Quarta-feira,D 5º,48,23
3386,1999-08-11,Quarta-feira,D 1º,48,15
3440,2000-03-15,Quarta-feira,D 5º,48,54
3456,2000-05-17,Quarta-feira,D 4º,48,16
3491,2000-09-27,Quarta-feira,D 2º,48,35
3491,2000-09-27,Quarta-feira,D 5º,48,0
3513,2000-12-30,Sábado,D 1º,48,22
3521,2001-01-31,Quarta-feira,D 3º,48,8
3526,2001-02-17,Sábado,D 2º,48,5
3532,2001-03-14,Quarta-feira,D 3º,48,6
3556,2001-06-23,Sábado,D 5º,48,24
3569,2001-08-08,Quarta-feira,D 5º,48,13
3599,2001-12-05,Quarta-feira,D 4º,48,30
3602,2001-12-15,Sábado,D 3º,48,3
3619,2002-02-27,Quarta-feira,D 3º,48,17
3619,2002-02-27,Quarta-feira,D 4º,48,0
3625,2002-03-20,Quarta-feira,D 2º,48,6
3644,2002-06-05,Quarta-feira,D 2º,48,19
3661,2002-08-07,Quarta-feira,D 1º,48,17
3662,2002-08-10,Sábado,D 5º,48,1
3671,2002-09-18,Quarta-feira,D 4º,48,9
3777,2003-10-15,Quarta-feira,D 1º,48,106
3778,2003-10-18,Sábado,D 4º,48,1
3784,2003-11-08,Sábado,D 3º,48,6
3797,2004-01-03,Sábado,D 1º,48,13
3823,2004-04-07,Quarta-feira,D 1º,48,26
3827,2004-04-24,Sábado,D 3º,48,4
3831,2004-05-12,Quarta-feira,D 5º,48,4
3834,2004-05-22,Sábado,D 5º,48,3
3843,2004-06-23,Quarta-feira,D 1º,48,9
3844,2004-06-26,Sábado,D 1º,48,1
3857,2004-08-11,Quarta-feira,D 2º,48,13
3872,2004-10-02,Sábado,D 3º,48,15
3913,2005-03-02,Quarta-feira,D 1º,48,41
3953,2005-07-20,Quarta-feira,D 1º,48,40
3965,2005-08-31,Quarta-feira,D 4º,48,12
3981,2005-11-05,Sábado,D 4º,48,16
3995,2005-12-24,Sábado,D 1º,48,14
3999,2006-01-07,Sábado,D 2º,48,4
4006,2006-02-01,Quarta-feira,D 4º,48,7
4012,2006-02-22,Quarta-feira,D 2º,48,6
4061,2006-08-12,Sábado,D 4º,48,49
4079,2006-10-14,Sábado,D 3º,48,18
4088,2006-11-18,Sábado,D 3º,48,9
4141,2007-05-26,Sábado,D 2º,48,53
4155,2007-07-14,Sábado,D 3º,48,14
4160,2007-08-01,Quarta-feira,D 1º,48,5
4171,2007-09-08,Sábado,D 4º,48,11
4197,2007-12-08,Sábado,D 4º,48,26
4243,2008-05-17,Sábado,D 5º,48,46
4255,2008-06-28,Sábado,D 5º,48,12
4272,2008-08-27,Quarta-feira,D 3º,48,17
4317,2009-02-04,Quarta-feira,D 4º,48,45
4326,2009-03-07,Sábado,D 3º,48,9
4331,2009-03-25,Quarta-feira,D 2º,48,5
4333,2009-04-01,Quarta-feira,D 4º,48,2
4399,2009-11-18,Quarta-feira,D 1º,48,66
4401,2009-11-25,Quarta-feira,D 2º,48,2
4430,2010-03-06,Sábado,D 1º,48,29
4451,2010-05-22,Sábado,D 1º,48,21
4459,2010-06-19,Sábado,D 1º,48,8
4470,2010-07-28,Quarta-feira,D 5º,48,11
4485,2010-09-18,Sábado,D 4º,48,15
4504,2010-11-24,Quarta-feira,D 2º,48,19
4565,2011-06-25,Sábado,D 4º,48,61
4575,2011-07-30,Sábado,D 1º,48,10
4585,2011-09-03,Sábado,D 3º,48,10
4607,2011-11-19,Sábado,D 3º,48,22
4609,2011-11-26,Sábado,D 3º,48,2
4611,2011-12-03,Sábado,D 5º,48,2
4705,2012-10-27,Sábado,D 3º,48,94
4710,2012-11-14,Quarta-feira,D 1º,48,5
4718,2012-12-12,Quarta-feira,D 3º,48,8
4723,2012-12-29,Sábado,D 4º,48,5
4809,2013-10-26,Sábado,D 2º,48,86
4810,2013-10-30,Quarta-feira,D 4º,48,1
4837,2014-02-01,Sábado,D 4º,48,27
4843,2014-02-22,Sábado,D 1º,48,6
4854,2014-04-02,Quarta-feira,D 1º,48,11
4866,2014-05-14,Quarta-feira,D 4º,48,12
4895,2014-08-23,Sábado,D 4º,48,29
5041,2016-01-16,Sábado,D 4º,48,146
5058,2016-03-16,Quarta-feira,D 2º,48,17
5094,2016-07-20,Quarta-feira,D 5º,48,36
5107,2016-09-03,Sábado,D 2º,48,13
5115,2016-10-01,Sábado,D 2º,48,8
5153,2017-02-11,Sábado,D 4º,48,38
5177,2017-05-06,Sábado,D 3º,48,24
5181,2017-05-20,Sábado,D 2º,48,4
5215,2017-09-16,Sábado,D 5º,48,34
5220,2017-10-04,Quarta-feira,D 5º,48,5
5227,2017-10-28,Sábado,D 3º,48,7
5257,2018-02-10,Sábado,D 3º,48,30
5276,2018-04-18,Quarta-feira,D 4º,48,19
5308,2018-08-08,Quarta-feira,D 5º,48,32
5356,2019-01-23,Quarta-feira,D 4º,48,48
5363,2019-02-16,Sábado,D 5º,48,7
5429,2019-10-05,Sábado,D 3º,48,66
5441,2019-11-16,Sábado,D 4º,48,12
5447,2019-12-07,Sábado,D 3º,48,6
5458,2020-01-11,Sábado,D 5º,48,11
5529,2021-01-13,Quarta-feira,D 1º,48,71
5557,2021-04-24,Sábado,D 3º,48,28
5580,2021-07-17,Sábado,D 4º,48,23
5594,2021-09-04,Sábado,D 2º,48,14
5623,2021-12-18,Sábado,D 2º,48,29
5629,2022-01-12,Quarta-feira,D 4º,48,6
5631,2022-01-19,Quarta-feira,D 4º,48,2
5648,2022-03-23,Quarta-feira,D 5º,48,17
5665,2022-05-21,Sábado,D 1º,48,17
5667,2022-05-28,Sábado,D 5º,48,2
5690,2022-08-17,Quarta-feira,D 3º,48,23
5731,2023-01-14,Sábado,D 3º,48,41
5734,2023-01-25,Quarta-feira,D 1º,48,3
5768,2023-05-27,Sábado,D 3º,48,34
5807,2023-10-11,Quarta-feira,D 1º,48,39
5869,2024-05-25,Sábado,D 1º,48,62
5876,2024-06-19,Quarta-feira,D 2º,48,7
5885,2024-07-20,Sábado,D 2º,48,9
5890,2024-08-07,Quarta-feira,D 5º,48,5
