Concurso,Data,Dia da Semana,Sorteio,Dezena,Atraso
1,1962-09-15,Sábado,D 4º,51,1
4,1962-10-03,Quarta-feira,D 4º,51,3
43,1963-02-23,Sábado,D 4º,51,39
65,1963-05-22,Quarta-feira,D 3º,51,22
90,1963-08-17,Sábado,D 3º,51,25
113,1963-11-13,Quarta-feira,D 4º,51,23
159,1964-05-06,Quarta-feira,D 4º,51,46
190,1964-08-26,Quarta-feira,D 3º,51,31
206,1964-10-21,Quarta-feira,D 5º,51,16
220,1964-12-09,Quarta-feira,D 4º,51,14
236,1965-02-10,Quarta-feira,D 4º,51,16
243,1965-03-10,Quarta-feira,D 3º,51,7
251,1965-04-07,Quarta-feira,D 4º,51,8
256,1965-04-28,Quarta-feira,D 2º,51,5
282,1965-07-31,Sábado,D 5º,51,26
290,1965-08-28,Sábado,D 4º,51,8
320,1965-12-11,Sábado,D 3º,51,30
334,1966-02-05,Sábado,D 3º,51,14
342,1966-03-09,Quarta-feira,D 2º,51,8
342,1966-03-09,Quarta-feira,D 5º,51,0
348,1966-03-30,Quarta-feira,D 4º,51,6
352,1966-04-13,Quarta-feira,D 1º,51,4
390,1966-08-24,Quarta-feira,D 3º,51,38
395,1966-09-14,Quarta-feira,D 3º,51,5
406,1966-10-22,Sábado,D 1º,51,11
423,1966-12-24,Sábado,D 1º,51,17
443,1967-03-08,Quarta-feira,D 5º,51,20
470,1967-06-10,Sábado,D 4º,51,27
474,1967-06-24,Sábado,D 2º,51,4
476,1967-07-01,Sábado,D 1º,51,2
507,1967-10-18,Quarta-feira,D 5º,51,31
523,1967-12-16,Sábado,D 2º,51,16
536,1968-01-31,Quarta-feira,D 3º,51,13
554,1968-04-06,Sábado,D 3º,51,18
555,1968-04-10,Quarta-feira,D 3º,51,1
580,1968-07-10,Quarta-feira,D 4º,51,25
586,1968-07-31,Quarta-feira,D 4º,51,6
587,1968-08-03,Sábado,D 5º,51,1
594,1968-08-28,Quarta-feira,D 5º,51,7
595,1968-08-31,Sábado,D 1º,51,1
603,1968-10-02,Quarta-feira,D 5º,51,8
641,1969-02-26,Quarta-feira,D 5º,51,38
649,1969-03-26,Quarta-feira,D 3º,51,8
688,1969-08-13,Quarta-feira,D 2º,51,39
713,1969-11-08,Sábado,D 2º,51,25
718,1969-11-29,Sábado,D 2º,51,5
762,1970-05-16,Sábado,D 3º,51,44
777,1970-07-08,Quarta-feira,D 1º,51,15
808,1970-10-24,Sábado,D 4º,51,31
820,1970-12-05,Sábado,D 4º,51,12
858,1971-05-12,Quarta-feira,D 5º,51,38
861,1971-05-22,Sábado,D 1º,51,3
884,1971-08-14,Sábado,D 2º,51,23
914,1971-12-08,Quarta-feira,D 5º,51,30
920,1972-01-12,Quarta-feira,D 3º,51,6
934,1972-03-15,Quarta-feira,D 2º,51,14
975,1972-09-13,Quarta-feira,D 5º,51,41
987,1972-11-01,Quarta-feira,D 1º,51,12
989,1972-11-11,Sábado,D 3º,51,2
998,1972-12-16,Sábado,D 2º,51,9
1010,1973-02-10,Sábado,D 4º,51,12
1022,1973-04-07,Sábado,D 2º,51,12
1024,1973-04-14,Sábado,D 1º,51,2
1024,1973-04-14,Sábado,D 2º,51,0
1029,1973-05-05,Sábado,D 1º,51,5
1043,1973-06-23,Sábado,D 2º,51,14
1083,1973-11-14,Quarta-feira,D 1º,51,40
1108,1974-02-16,Sábado,D 3º,51,25
1116,1974-03-20,Quarta-feira,D 3º,51,8
1148,1974-07-13,Sábado,D 4º,51,32
1160,1974-08-28,Quarta-feira,D 5º,51,12
1175,1974-10-23,Quarta-feira,D 3º,51,15
1204,1975-02-15,Sábado,D 1º,51,29
1205,1975-02-19,Quarta-feira,D 1º,51,1
1270,1975-10-15,Quarta-feira,D 2º,51,65
1290,1976-01-07,Quarta-feira,D 1º,51,20
1317,1976-04-24,Sábado,D 2º,51,27
1329,1976-06-09,Quarta-feira,D 1º,51,12
1339,1976-07-14,Quarta-feira,D 3º,51,10
1393,1977-02-09,Quarta-feira,D 1º,51,54
1393,1977-02-09,Quarta-feira,D 2º,51,0
1400,1977-03-09,Quarta-feira,D 1º,51,7
1423,1977-06-04,Sábado,D 5º,51,23
1435,1977-07-16,Sábado,D 4º,51,12
1499,1978-03-29,Quarta-feira,D 5º,51,64
1512,1978-05-20,Sábado,D 1º,51,13
1525,1978-07-05,Quarta-feira,D 4º,51,13
1536,1978-08-16,Quarta-feira,D 4º,51,11
1544,1978-09-13,Quarta-feira,D 3º,51,8
1545,1978-09-16,Sábado,D 5º,51,1
1557,1978-11-01,Quarta-feira,D 1º,51,12
1582,1979-02-10,Sábado,D 2º,51,25
1596,1979-04-04,Quarta-feira,D 3º,51,14
1600,1979-04-25,Quarta-feira,D 1º,51,4
1601,1979-04-28,Sábado,D 2º,51,1
1619,1979-07-07,Sábado,D 3º,51,18
1622,1979-07-18,Quarta-feira,D 1º,51,3
1649,1979-10-31,Quarta-feira,D 4º,51,27
1656,1979-12-01,Sábado,D 4º,51,7
1667,1980-01-19,Sábado,D 4º,51,11
1701,1980-06-04,Quarta-feira,D 2º,51,34
1721,1980-08-16,Sábado,D 2º,51,20
1729,1980-09-13,Sábado,D 1º,51,8
1729,1980-09-13,Sábado,D 5º,51,0
1759,1981-01-10,Sábado,D 4º,51,30
1771,1981-02-21,Sábado,D 5º,51,12
1816,1981-08-22,Sábado,D 5º,51,45
1837,1981-11-07,Sábado,D 1º,51,21
1838,1981-11-11,Quarta-feira,D 3º,51,1
1888,1982-06-05,Sábado,D 2º,51,50
1915,1982-09-15,Quarta-feira,D 1º,51,27
1915,1982-09-15,Quarta-feira,D 5º,51,0
1948,1983-01-26,Quarta-feira,D 1º,51,33
1956,1983-02-26,Sábado,D 2º,51,8
1967,1983-04-09,Sábado,D 2º,51,11
1972,1983-04-27,Quarta-feira,D 2º,51,5
1993,1983-07-13,Quarta-feira,D 5º,51,21
2003,1983-08-20,Sábado,D 1º,51,10
2011,1983-09-21,Quarta-feira,D 5º,51,8
2029,1983-12-10,Sábado,D 2º,51,18
2029,1983-12-10,Sábado,D 5º,51,0
2035,1984-01-04,Quarta-feira,D 3º,51,6
2054,1984-03-14,Quarta-feira,D 2º,51,19
2083,1984-07-11,Quarta-feira,D 1º,51,29
2149,1985-04-07,Domingo,D 1º,51,66
2154,1985-04-24,Quarta-feira,D 2º,51,5
2283,1986-09-06,Sábado,D 1º,51,129
2324,1987-02-21,Sábado,D 2º,51,41
2413,1988-01-30,Sábado,D 1º,51,89
2419,1988-02-24,Quarta-feira,D 1º,51,6
2424,1988-03-12,Sábado,D 4º,51,5
2426,1988-03-19,Sábado,D 2º,51,2
2459,1988-07-27,Quarta-feira,D 1º,51,33
2461,1988-08-03,Quarta-feira,D 4º,51,2
2471,1988-09-10,Sábado,D 3º,51,10
2480,1988-10-15,Sábado,D 4º,51,9
2507,1989-02-04,Sábado,D 3º,51,27
2526,1989-04-22,Sábado,D 5º,51,19
2541,1989-06-24,Sábado,D 3º,51,15
2545,1989-07-08,Sábado,D 1º,51,4
2558,1989-08-26,Sábado,D 5º,51,13
2564,1989-09-20,Quarta-feira,D 5º,51,6
2598,1990-02-24,Sábado,D 4º,51,34
2601,1990-03-10,Sábado,D 3º,51,3
2614,1990-05-12,Sábado,D 4º,51,13
2660,1990-11-17,Sábado,D 1º,51,46
2672,1991-01-09,Quarta-feira,D 2º,51,12
2679,1991-02-02,Sábado,D 2º,51,7
2723,1991-07-27,Sábado,D 2º,51,44
2737,1991-09-18,Quarta-feira,D 1º,51,14
2774,1992-02-15,Sábado,D 2º,51,37
2775,1992-02-19,Quarta-feira,D 4º,51,1
2778,1992-02-29,Sábado,D 2º,51,3
2818,1992-10-03,Sábado,D 2º,51,40
2818,1992-10-03,Sábado,D 5º,51,0
2830,1992-12-30,Quarta-feira,D 3º,51,12
2867,1993-09-25,Sábado,D 4º,51,37
2909,1994-03-26,Sábado,D 3º,51,42
2911,1994-04-06,Quarta-feira,D 1º,51,2
2915,1994-04-23,Sábado,D 2º,51,4
2988,1995-02-11,Sábado,D 1º,51,73
2991,1995-02-25,Sábado,D 3º,51,3
2997,1995-03-25,Sábado,D 2º,51,6
2997,1995-03-25,Sábado,D 4º,51,0
3004,1995-04-29,Sábado,D 3º,51,7
3066,1996-01-17,Quarta-feira,D 1º,51,62
3081,1996-03-16,Sábado,D 2º,51,15
3085,1996-04-03,Quarta-feira,D 5º,51,4
3093,1996-05-11,Sábado,D 5º,51,8
3116,1996-08-14,Quarta-feira,D 4º,51,23
3136,1996-11-09,Sábado,D 3º,51,20
3146,1996-12-21,Sábado,D 1º,51,10
3157,1997-02-08,Sábado,D 3º,51,11
3189,1997-06-25,Quarta-feira,D 5º,51,32
3211,1997-09-17,Quarta-feira,D 4º,51,22
3272,1998-05-20,Quarta-feira,D 2º,51,61
3296,1998-08-22,Sábado,D 1º,51,24
3310,1998-10-17,Sábado,D 5º,51,14
3321,1998-11-28,Sábado,D 2º,51,11
3331,1999-01-13,Quarta-feira,D 3º,51,10
3337,1999-02-03,Quarta-feira,D 1º,51,6
3381,1999-07-24,Sábado,D 1º,51,44
3394,1999-09-11,Sábado,D 4º,51,13
3397,1999-09-22,Quarta-feira,D 1º,51,3
3400,1999-10-02,Sábado,D 1º,51,3
3411,1999-11-20,Sábado,D 4º,51,11
3412,1999-11-24,Quarta-feira,D 4º,51,1
3437,2000-03-01,Quarta-feira,D 4º,51,25
3453,2000-05-06,Sábado,D 1º,51,16
3466,2000-06-28,Quarta-feira,D 3º,51,13
3512,2000-12-23,Sábado,D 3º,51,46
3557,2001-06-27,Quarta-feira,D 2º,51,45
3560,2001-07-07,Sábado,D 4º,51,3
3563,2001-07-18,Quarta-feira,D 1º,51,3
3574,2001-08-25,Sábado,D 5º,51,11
3608,2002-01-16,Quarta-feira,D 1º,51,34
3642,2002-05-25,Sábado,D 4º,51,34
3664,2002-08-17,Sábado,D 4º,51,22
3668,2002-08-31,Sábado,D 3º,51,4
3683,2002-11-06,Quarta-feira,D 2º,51,15
3690,2002-11-30,Sábado,D 4º,51,7
3698,2003-01-04,Sábado,D 3º,51,8
3708,2003-02-08,Sábado,D 3º,51,10
3716,2003-03-12,Quarta-feira,D 5º,51,8
3743,2003-06-18,Quarta-feira,D 5º,51,27
3756,2003-08-02,Sábado,D 3º,51,13
3781,2003-10-29,Quarta-feira,D 5º,51,25
3797,2004-01-03,Sábado,D 2º,51,16
3820,2004-03-27,Sábado,D 1º,51,23
3919,2005-03-23,Quarta-feira,D 5º,51,99
3941,2005-06-08,Quarta-feira,D 4º,51,22
3956,2005-07-30,Sábado,D 2º,51,15
3967,2005-09-10,Sábado,D 2º,51,11
3997,2005-12-31,Sábado,D 3º,51,30
4008,2006-02-08,Quarta-feira,D 2º,51,11
4060,2006-08-09,Quarta-feira,D 4º,51,52
4061,2006-08-12,Sábado,D 5º,51,1
4095,2006-12-13,Quarta-feira,D 2º,51,34
4098,2006-12-23,Sábado,D 1º,51,3
4106,2007-01-20,Sábado,D 3º,51,8
4182,2007-10-17,Quarta-feira,D 1º,51,76
4194,2007-11-28,Quarta-feira,D 3º,51,12
4207,2008-01-12,Sábado,D 5º,51,13
4235,2008-04-19,Sábado,D 1º,51,28
4249,2008-06-07,Sábado,D 5º,51,14
4262,2008-07-23,Quarta-feira,D 2º,51,13
4272,2008-08-27,Quarta-feira,D 4º,51,10
4344,2009-05-09,Sábado,D 3º,51,72
4356,2009-06-20,Sábado,D 5º,51,12
4372,2009-08-15,Sábado,D 5º,51,16
4385,2009-09-30,Quarta-feira,D 1º,51,13
4398,2009-11-14,Sábado,D 1º,51,13
4433,2010-03-17,Quarta-feira,D 3º,51,35
4454,2010-06-02,Quarta-feira,D 2º,51,21
4457,2010-06-12,Sábado,D 3º,51,3
4482,2010-09-08,Quarta-feira,D 2º,51,25
4485,2010-09-18,Sábado,D 2º,51,3
4495,2010-10-23,Sábado,D 4º,51,10
4505,2010-11-27,Sábado,D 5º,51,10
4521,2011-01-22,Sábado,D 4º,51,16
4528,2011-02-16,Quarta-feira,D 2º,51,7
4603,2011-11-05,Sábado,D 3º,51,75
4610,2011-11-30,Quarta-feira,D 1º,51,7
4619,2011-12-31,Sábado,D 3º,51,9
4620,2012-01-04,Quarta-feira,D 1º,51,1
4640,2012-03-14,Quarta-feira,D 2º,51,20
4641,2012-03-17,Sábado,D 2º,51,1
4642,2012-03-21,Quarta-feira,D 2º,51,1
4698,2012-10-03,Quarta-feira,D 4º,51,56
4698,2012-10-03,Quarta-feira,D 5º,51,0
4729,2013-01-19,Sábado,D 4º,51,31
4734,2013-02-06,Quarta-feira,D 4º,51,5
4759,2013-05-04,Sábado,D 5º,51,25
4765,2013-05-25,Sábado,D 5º,51,6
4794,2013-09-04,Quarta-feira,D 1º,51,29
4796,2013-09-11,Quarta-feira,D 4º,51,2
4804,2013-10-09,Quarta-feira,D 1º,51,8
4835,2014-01-25,Sábado,D 1º,51,31
4881,2014-07-05,Sábado,D 3º,51,46
4887,2014-07-26,Sábado,D 2º,51,6
4897,2014-08-30,Sábado,D 4º,51,10
4902,2014-09-17,Quarta-feira,D 2º,51,5
4909,2014-10-11,Sábado,D 1º,51,7
4918,2014-11-12,Quarta-feira,D 1º,51,9
4947,2015-02-21,Sábado,D 4º,51,29
4952,2015-03-11,Quarta-feira,D 2º,51,5
4984,2015-07-01,Quarta-feira,D 1º,51,32
5009,2015-09-26,Sábado,D 2º,51,25
5010,2015-09-30,Quarta-feira,D 4º,51,1
5014,2015-10-14,Quarta-feira,D 5º,51,4
5037,2015-12-31,Quinta-feira,D 5º,51,23
5042,2016-01-20,Quarta-feira,D 5º,51,5
5097,2016-07-30,Sábado,D 3º,51,55
5104,2016-08-24,Quarta-feira,D 4º,51,7
5119,2016-10-15,Sábado,D 4º,51,15
5146,2017-01-18,Quarta-feira,D 1º,51,27
5148,2017-01-25,Quarta-feira,D 3º,51,2
5186,2017-06-07,Quarta-feira,D 3º,51,38
5206,2017-08-16,Quarta-feira,D 4º,51,20
5213,2017-09-09,Sábado,D 4º,51,7
5219,2017-09-30,Sábado,D 5º,51,6
5231,2017-11-11,Sábado,D 1º,51,12
5243,2017-12-23,Sábado,D 3º,51,12
5248,2018-01-10,Quarta-feira,D 4º,51,5
5269,2018-03-24,Sábado,D 4º,51,21
5280,2018-05-02,Quarta-feira,D 1º,51,11
5280,2018-05-02,Quarta-feira,D 2º,51,0
5308,2018-08-08,Quarta-feira,D 3º,51,28
5318,2018-09-12,Quarta-feira,D 2º,51,10
5319,2018-09-15,Sábado,D 3º,51,1
5344,2018-12-12,Quarta-feira,D 2º,51,25
5351,2019-01-05,Sábado,D 3º,51,7
5369,2019-03-09,Sábado,D 2º,51,18
5417,2019-08-24,Sábado,D 2º,51,48
5428,2019-10-02,Quarta-feira,D 3º,51,11
5432,2019-10-16,Quarta-feira,D 4º,51,4
5476,2020-03-14,Sábado,D 5º,51,44
5512,2020-11-07,Sábado,D 5º,51,36
5516,2020-11-21,Sábado,D 1º,51,4
5517,2020-11-25,Quarta-feira,D 3º,51,1
5535,2021-02-03,Quarta-feira,D 2º,51,18
5549,2021-03-24,Quarta-feira,D 4º,51,14
5551,2021-03-31,Quarta-feira,D 2º,51,2
5555,2021-04-14,Quarta-feira,D 1º,51,4
5556,2021-04-17,Sábado,D 5º,51,1
5574,2021-06-26,Sábado,D 1º,51,18
5595,2021-09-08,Quarta-feira,D 3º,51,21
5598,2021-09-18,Sábado,D 4º,51,3
5603,2021-10-06,Quarta-feira,D 2º,51,5
5620,2021-12-08,Quarta-feira,D 4º,51,17
5638,2022-02-12,Sábado,D 1º,51,18
5639,2022-02-16,Quarta-feira,D 2º,51,1
5645,2022-03-12,Sábado,D 3º,51,6
5647,2022-03-19,Sábado,D 1º,51,2
5663,2022-05-14,Sábado,D 4º,51,16
5726,2022-12-24,Sábado,D 5º,51,63
5790,2023-08-12,Sábado,D 2º,51,64
5795,2023-08-30,Quarta-feira,D 5º,51,5
5811,2023-10-25,Quarta-feira,D 2º,51,16
5814,2023-11-04,Sábado,D 2º,51,3
5854,2024-04-03,Quarta-feira,D 3º,51,40
5886,2024-07-24,Quarta-feira,D 2º,51,32
