Concurso,Data,Dia da Semana,Sorteio,Dezena,Atraso
46,1963-03-09,Sábado,D 4º,26,46
61,1963-05-08,Quarta-feira,D 5º,26,15
99,1963-09-21,Sábado,D 4º,26,38
123,1963-12-18,Quarta-feira,D 2º,26,24
141,1964-02-29,Sábado,D 5º,26,18
150,1964-04-04,Sábado,D 3º,26,9
163,1964-05-20,Quarta-feira,D 3º,26,13
163,1964-05-20,Quarta-feira,D 4º,26,0
169,1964-06-10,Quarta-feira,D 1º,26,6
181,1964-07-22,Quarta-feira,D 5º,26,12
236,1965-02-10,Quarta-feira,D 2º,26,55
236,1965-02-10,Quarta-feira,D 5º,26,0
240,1965-02-24,Quarta-feira,D 2º,26,4
260,1965-05-15,Sábado,D 5º,26,20
300,1965-10-02,Sábado,D 2º,26,40
302,1965-10-09,Sábado,D 1º,26,2
306,1965-10-23,Sábado,D 3º,26,4
323,1965-12-22,Quarta-feira,D 2º,26,17
337,1966-02-16,Quarta-feira,D 5º,26,14
396,1966-09-17,Sábado,D 5º,26,59
400,1966-10-01,Sábado,D 2º,26,4
415,1966-11-26,Sábado,D 1º,26,15
442,1967-03-04,Sábado,D 5º,26,27
454,1967-04-15,Sábado,D 5º,26,12
462,1967-05-13,Sábado,D 5º,26,8
485,1967-08-02,Quarta-feira,D 1º,26,23
486,1967-08-05,Sábado,D 4º,26,1
487,1967-08-09,Quarta-feira,D 2º,26,1
490,1967-08-19,Sábado,D 3º,26,3
518,1967-11-29,Quarta-feira,D 1º,26,28
539,1968-02-10,Sábado,D 1º,26,21
542,1968-02-21,Quarta-feira,D 3º,26,3
547,1968-03-13,Quarta-feira,D 1º,26,5
607,1968-10-16,Quarta-feira,D 4º,26,60
667,1969-05-31,Sábado,D 2º,26,60
674,1969-06-25,Quarta-feira,D 4º,26,7
723,1969-12-17,Quarta-feira,D 5º,26,49
734,1970-01-31,Sábado,D 2º,26,11
740,1970-02-25,Quarta-feira,D 2º,26,6
767,1970-06-03,Quarta-feira,D 1º,26,27
768,1970-06-06,Sábado,D 3º,26,1
797,1970-09-16,Quarta-feira,D 1º,26,29
835,1971-02-06,Sábado,D 4º,26,38
841,1971-03-03,Quarta-feira,D 3º,26,6
856,1971-05-05,Quarta-feira,D 3º,26,15
877,1971-07-17,Sábado,D 1º,26,21
893,1971-09-18,Sábado,D 4º,26,16
969,1972-08-12,Sábado,D 3º,26,76
978,1972-09-27,Quarta-feira,D 2º,26,9
997,1972-12-13,Quarta-feira,D 3º,26,19
1004,1973-01-17,Quarta-feira,D 1º,26,7
1019,1973-03-24,Sábado,D 2º,26,15
1023,1973-04-11,Quarta-feira,D 5º,26,4
1031,1973-05-12,Sábado,D 5º,26,8
1066,1973-09-15,Sábado,D 5º,26,35
1084,1973-11-17,Sábado,D 5º,26,18
1098,1974-01-12,Sábado,D 4º,26,14
1129,1974-05-08,Quarta-feira,D 3º,26,31
1131,1974-05-15,Quarta-feira,D 3º,26,2
1184,1974-11-27,Quarta-feira,D 1º,26,53
1208,1975-03-01,Sábado,D 5º,26,24
1225,1975-05-07,Quarta-feira,D 1º,26,17
1225,1975-05-07,Quarta-feira,D 5º,26,0
1233,1975-06-04,Quarta-feira,D 3º,26,8
1263,1975-09-20,Sábado,D 4º,26,30
1283,1975-12-06,Sábado,D 4º,26,20
1334,1976-06-26,Sábado,D 3º,26,51
1347,1976-08-14,Sábado,D 1º,26,13
1358,1976-09-22,Quarta-feira,D 3º,26,11
1386,1977-01-12,Quarta-feira,D 4º,26,28
1407,1977-04-02,Sábado,D 2º,26,21
1455,1977-10-01,Sábado,D 1º,26,48
1462,1977-10-29,Sábado,D 4º,26,7
1484,1978-01-25,Quarta-feira,D 2º,26,22
1528,1978-07-15,Sábado,D 1º,26,44
1530,1978-07-22,Sábado,D 2º,26,2
1537,1978-08-19,Sábado,D 3º,26,7
1558,1978-11-04,Sábado,D 3º,26,21
1560,1978-11-11,Sábado,D 3º,26,2
1613,1979-06-16,Sábado,D 5º,26,53
1653,1979-11-21,Quarta-feira,D 3º,26,40
1658,1979-12-08,Sábado,D 3º,26,5
1666,1980-01-16,Quarta-feira,D 2º,26,8
1671,1980-02-06,Quarta-feira,D 5º,26,5
1680,1980-03-12,Quarta-feira,D 3º,26,9
1722,1980-08-20,Quarta-feira,D 3º,26,42
1729,1980-09-13,Sábado,D 3º,26,7
1736,1980-10-08,Quarta-feira,D 1º,26,7
1746,1980-11-19,Quarta-feira,D 3º,26,10
1763,1981-01-24,Sábado,D 5º,26,17
1812,1981-08-08,Sábado,D 2º,26,49
1813,1981-08-12,Quarta-feira,D 2º,26,1
1825,1981-09-23,Quarta-feira,D 1º,26,12
1827,1981-09-30,Quarta-feira,D 5º,26,2
1840,1981-11-21,Sábado,D 3º,26,13
1868,1982-03-10,Quarta-feira,D 3º,26,28
1874,1982-04-03,Sábado,D 1º,26,6
1889,1982-06-09,Quarta-feira,D 1º,26,15
1906,1982-08-11,Quarta-feira,D 3º,26,17
1924,1982-10-20,Quarta-feira,D 3º,26,18
1925,1982-10-23,Sábado,D 4º,26,1
1932,1982-11-24,Quarta-feira,D 1º,26,7
1954,1983-02-19,Sábado,D 3º,26,22
1955,1983-02-23,Quarta-feira,D 4º,26,1
2001,1983-08-13,Sábado,D 4º,26,46
2058,1984-03-31,Sábado,D 4º,26,57
2064,1984-04-25,Quarta-feira,D 3º,26,6
2110,1984-10-27,Sábado,D 5º,26,46
2149,1985-04-07,Domingo,D 5º,26,39
2163,1985-05-29,Quarta-feira,D 3º,26,14
2225,1986-01-22,Quarta-feira,D 5º,26,62
2274,1986-07-30,Quarta-feira,D 3º,26,49
2283,1986-09-06,Sábado,D 5º,26,9
2289,1986-10-01,Quarta-feira,D 1º,26,6
2328,1987-03-11,Quarta-feira,D 2º,26,39
2331,1987-03-21,Sábado,D 3º,26,3
2351,1987-06-03,Quarta-feira,D 1º,26,20
2424,1988-03-12,Sábado,D 2º,26,73
2428,1988-03-26,Sábado,D 2º,26,4
2446,1988-06-11,Sábado,D 2º,26,18
2455,1988-07-13,Quarta-feira,D 5º,26,9
2465,1988-08-17,Quarta-feira,D 5º,26,10
2479,1988-10-08,Sábado,D 4º,26,14
2496,1988-12-17,Sábado,D 2º,26,17
2502,1989-01-18,Quarta-feira,D 4º,26,6
2562,1989-09-13,Quarta-feira,D 1º,26,60
2584,1989-12-13,Quarta-feira,D 3º,26,22
2585,1989-12-16,Sábado,D 2º,26,1
2603,1990-03-21,Quarta-feira,D 4º,26,18
2630,1990-07-18,Quarta-feira,D 5º,26,27
2635,1990-08-04,Sábado,D 1º,26,5
2638,1990-08-15,Quarta-feira,D 1º,26,3
2659,1990-11-10,Sábado,D 5º,26,21
2664,1990-12-01,Sábado,D 1º,26,5
2678,1991-01-30,Quarta-feira,D 2º,26,14
2699,1991-04-20,Sábado,D 5º,26,21
2762,1992-01-04,Sábado,D 4º,26,63
2802,1992-06-13,Sábado,D 5º,26,40
2809,1992-08-01,Sábado,D 4º,26,7
2827,1992-12-05,Sábado,D 1º,26,18
2839,1993-03-06,Sábado,D 2º,26,12
2856,1993-07-10,Sábado,D 3º,26,17
2873,1993-10-27,Quarta-feira,D 1º,26,17
2892,1994-01-22,Sábado,D 3º,26,19
2905,1994-03-12,Sábado,D 4º,26,13
2941,1994-08-03,Quarta-feira,D 5º,26,36
2994,1995-03-11,Sábado,D 1º,26,53
3000,1995-04-08,Sábado,D 4º,26,6
3072,1996-02-10,Sábado,D 3º,26,72
3083,1996-03-23,Sábado,D 4º,26,11
3087,1996-04-17,Quarta-feira,D 2º,26,4
3118,1996-08-21,Quarta-feira,D 4º,26,31
3127,1996-09-25,Quarta-feira,D 5º,26,9
3141,1996-11-30,Sábado,D 4º,26,14
3147,1996-12-28,Sábado,D 5º,26,6
3167,1997-03-22,Sábado,D 1º,26,20
3194,1997-07-12,Sábado,D 4º,26,27
3199,1997-08-02,Sábado,D 1º,26,5
3219,1997-10-15,Quarta-feira,D 2º,26,20
3219,1997-10-15,Quarta-feira,D 3º,26,0
3234,1997-12-10,Quarta-feira,D 1º,26,15
3252,1998-02-21,Sábado,D 3º,26,18
3278,1998-06-13,Sábado,D 1º,26,26
3278,1998-06-13,Sábado,D 4º,26,0
3280,1998-06-20,Sábado,D 2º,26,2
3308,1998-10-07,Quarta-feira,D 4º,26,28
3315,1998-11-07,Sábado,D 1º,26,7
3348,1999-03-17,Quarta-feira,D 1º,26,33
3355,1999-04-14,Quarta-feira,D 5º,26,7
3356,1999-04-17,Sábado,D 3º,26,1
3376,1999-07-07,Quarta-feira,D 3º,26,20
3378,1999-07-14,Quarta-feira,D 5º,26,2
3423,2000-01-12,Quarta-feira,D 2º,26,45
3438,2000-03-04,Sábado,D 1º,26,15
3469,2000-07-08,Sábado,D 2º,26,31
3513,2000-12-30,Sábado,D 2º,26,44
3522,2001-02-03,Sábado,D 1º,26,9
3522,2001-02-03,Sábado,D 4º,26,0
3562,2001-07-14,Sábado,D 1º,26,40
3566,2001-07-28,Sábado,D 2º,26,4
3576,2001-09-01,Sábado,D 5º,26,10
3633,2002-04-20,Sábado,D 5º,26,57
3639,2002-05-15,Quarta-feira,D 5º,26,6
3677,2002-10-09,Quarta-feira,D 2º,26,38
3723,2003-04-05,Sábado,D 1º,26,46
3724,2003-04-09,Quarta-feira,D 1º,26,1
3748,2003-07-05,Sábado,D 3º,26,24
3774,2003-10-04,Sábado,D 3º,26,26
3808,2004-02-11,Quarta-feira,D 4º,26,34
3839,2004-06-09,Quarta-feira,D 2º,26,31
3850,2004-07-17,Sábado,D 2º,26,11
3888,2004-11-27,Sábado,D 5º,26,38
3890,2004-12-04,Sábado,D 3º,26,2
3895,2004-12-22,Quarta-feira,D 2º,26,5
3915,2005-03-09,Quarta-feira,D 3º,26,20
3920,2005-03-26,Sábado,D 4º,26,5
3954,2005-07-23,Sábado,D 3º,26,34
3955,2005-07-27,Quarta-feira,D 1º,26,1
3994,2005-12-21,Quarta-feira,D 1º,26,39
4019,2006-03-18,Sábado,D 4º,26,25
4020,2006-03-22,Quarta-feira,D 5º,26,1
4022,2006-03-29,Quarta-feira,D 4º,26,2
4051,2006-07-08,Sábado,D 1º,26,29
4052,2006-07-12,Quarta-feira,D 5º,26,1
4096,2006-12-16,Sábado,D 2º,26,44
4099,2006-12-27,Quarta-feira,D 1º,26,3
4100,2006-12-30,Sábado,D 2º,26,1
4115,2007-02-21,Quarta-feira,D 1º,26,15
4122,2007-03-17,Sábado,D 5º,26,7
4154,2007-07-11,Quarta-feira,D 3º,26,32
4170,2007-09-05,Quarta-feira,D 1º,26,16
4229,2008-03-29,Sábado,D 1º,26,59
4260,2008-07-16,Quarta-feira,D 2º,26,31
4263,2008-07-26,Sábado,D 2º,26,3
4269,2008-08-16,Sábado,D 1º,26,6
4320,2009-02-14,Sábado,D 1º,26,51
4322,2009-02-21,Sábado,D 2º,26,2
4339,2009-04-22,Quarta-feira,D 1º,26,17
4347,2009-05-20,Quarta-feira,D 3º,26,8
4413,2010-01-06,Quarta-feira,D 3º,26,66
4423,2010-02-10,Quarta-feira,D 1º,26,10
4458,2010-06-16,Quarta-feira,D 3º,26,35
4511,2010-12-18,Sábado,D 3º,26,53
4531,2011-02-26,Sábado,D 3º,26,20
4539,2011-03-26,Sábado,D 4º,26,8
4581,2011-08-20,Sábado,D 4º,26,42
4598,2011-10-19,Quarta-feira,D 5º,26,17
4602,2011-11-03,Quinta-feira,D 1º,26,4
4616,2011-12-21,Quarta-feira,D 2º,26,14
4646,2012-04-04,Quarta-feira,D 2º,26,30
4751,2013-04-06,Sábado,D 1º,26,105
4797,2013-09-14,Sábado,D 4º,26,46
4833,2014-01-18,Sábado,D 2º,26,36
4855,2014-04-05,Sábado,D 4º,26,22
4884,2014-07-16,Quarta-feira,D 2º,26,29
4945,2015-02-14,Sábado,D 5º,26,61
4955,2015-03-21,Sábado,D 3º,26,10
4957,2015-03-28,Sábado,D 5º,26,2
4965,2015-04-25,Sábado,D 4º,26,8
5062,2016-03-30,Quarta-feira,D 5º,26,97
5098,2016-08-03,Quarta-feira,D 2º,26,36
5123,2016-10-29,Sábado,D 2º,26,25
5140,2016-12-28,Quarta-feira,D 5º,26,17
5167,2017-04-01,Sábado,D 4º,26,27
5174,2017-04-26,Quarta-feira,D 5º,26,7
5207,2017-08-19,Sábado,D 5º,26,33
5208,2017-08-23,Quarta-feira,D 5º,26,1
5219,2017-09-30,Sábado,D 1º,26,11
5224,2017-10-18,Quarta-feira,D 4º,26,5
5275,2018-04-14,Sábado,D 4º,26,51
5303,2018-07-21,Sábado,D 4º,26,28
5351,2019-01-05,Sábado,D 4º,26,48
5378,2019-04-10,Quarta-feira,D 5º,26,27
5445,2019-11-30,Sábado,D 3º,26,67
5482,2020-08-01,Sábado,D 5º,26,37
5504,2020-10-10,Sábado,D 4º,26,22
5576,2021-07-03,Sábado,D 2º,26,72
5588,2021-08-14,Sábado,D 5º,26,12
5594,2021-09-04,Sábado,D 3º,26,6
5629,2022-01-12,Quarta-feira,D 3º,26,35
5636,2022-02-05,Sábado,D 1º,26,7
5665,2022-05-21,Sábado,D 3º,26,29
5690,2022-08-17,Quarta-feira,D 1º,26,25
5695,2022-09-03,Sábado,D 4º,26,5
5750,2023-03-25,Sábado,D 5º,26,55
5803,2023-09-27,Quarta-feira,D 5º,26,53
5805,2023-10-04,Quarta-feira,D 3º,26,2
5832,2024-01-13,Sábado,D 4º,26,27
5835,2024-01-24,Quarta-feira,D 4º,26,3
5837,2024-01-31,Quarta-feira,D 2º,26,2
5855,2024-04-06,Sábado,D 4º,26,18
5860,2024-04-24,Quarta-feira,D 1º,26,5
5863,2024-05-04,Sábado,D 1º,26,3
5868,2024-05-22,Quarta-feira,D 2º,26,5
5888,2024-07-31,Quarta-feira,D 4º,26,20
