Concurso,Data,Dia da Semana,Sorteio,Dezena,Atraso
4,1962-10-03,Quarta-feira,D 3º,61,4
46,1963-03-09,Sábado,D 1º,61,42
64,1963-05-18,Sábado,D 3º,61,18
77,1963-07-03,Quarta-feira,D 4º,61,13
114,1963-11-16,Sábado,D 4º,61,37
123,1963-12-18,Quarta-feira,D 5º,61,9
132,1964-01-25,Sábado,D 3º,61,9
150,1964-04-04,Sábado,D 5º,61,18
168,1964-06-06,Sábado,D 2º,61,18
171,1964-06-17,Quarta-feira,D 2º,61,3
175,1964-07-01,Quarta-feira,D 3º,61,4
210,1964-11-04,Quarta-feira,D 3º,61,35
211,1964-11-07,Sábado,D 4º,61,1
236,1965-02-10,Quarta-feira,D 3º,61,25
252,1965-04-10,Sábado,D 4º,61,16
268,1965-06-12,Sábado,D 5º,61,16
274,1965-07-03,Sábado,D 1º,61,6
278,1965-07-17,Sábado,D 1º,61,4
287,1965-08-18,Quarta-feira,D 1º,61,9
339,1966-02-26,Sábado,D 3º,61,52
354,1966-04-20,Quarta-feira,D 1º,61,15
357,1966-04-30,Sábado,D 5º,61,3
367,1966-06-04,Sábado,D 4º,61,10
381,1966-07-23,Sábado,D 1º,61,14
400,1966-10-01,Sábado,D 1º,61,19
402,1966-10-08,Sábado,D 2º,61,2
416,1966-11-30,Quarta-feira,D 1º,61,14
431,1967-01-21,Sábado,D 3º,61,15
452,1967-04-08,Sábado,D 1º,61,21
479,1967-07-12,Quarta-feira,D 2º,61,27
517,1967-11-25,Sábado,D 1º,61,38
518,1967-11-29,Quarta-feira,D 5º,61,1
545,1968-03-06,Quarta-feira,D 2º,61,27
578,1968-07-03,Quarta-feira,D 1º,61,33
589,1968-08-10,Sábado,D 4º,61,11
675,1969-06-28,Sábado,D 3º,61,86
711,1969-11-01,Sábado,D 4º,61,36
725,1969-12-24,Quarta-feira,D 1º,61,14
735,1970-02-04,Quarta-feira,D 3º,61,10
751,1970-04-08,Quarta-feira,D 3º,61,16
768,1970-06-06,Sábado,D 2º,61,17
787,1970-08-12,Quarta-feira,D 2º,61,19
799,1970-09-23,Quarta-feira,D 5º,61,12
807,1970-10-21,Quarta-feira,D 3º,61,8
821,1970-12-09,Quarta-feira,D 5º,61,14
851,1971-04-07,Quarta-feira,D 4º,61,30
859,1971-05-15,Sábado,D 1º,61,8
860,1971-05-19,Quarta-feira,D 2º,61,1
875,1971-07-10,Sábado,D 5º,61,15
887,1971-08-25,Quarta-feira,D 1º,61,12
927,1972-02-12,Sábado,D 2º,61,40
961,1972-07-08,Sábado,D 5º,61,34
1004,1973-01-17,Quarta-feira,D 4º,61,43
1018,1973-03-21,Quarta-feira,D 5º,61,14
1031,1973-05-12,Sábado,D 1º,61,13
1031,1973-05-12,Sábado,D 3º,61,0
1050,1973-07-18,Quarta-feira,D 3º,61,19
1063,1973-09-05,Quarta-feira,D 4º,61,13
1069,1973-09-26,Quarta-feira,D 2º,61,6
1077,1973-10-24,Quarta-feira,D 1º,61,8
1104,1974-02-02,Sábado,D 2º,61,27
1119,1974-03-30,Sábado,D 5º,61,15
1131,1974-05-15,Quarta-feira,D 5º,61,12
1214,1975-03-22,Sábado,D 5º,61,83
1219,1975-04-12,Sábado,D 5º,61,5
1315,1976-04-10,Sábado,D 1º,61,96
1318,1976-04-28,Quarta-feira,D 5º,61,3
1329,1976-06-09,Quarta-feira,D 5º,61,11
1388,1977-01-19,Quarta-feira,D 1º,61,59
1419,1977-05-21,Sábado,D 1º,61,31
1450,1977-09-14,Quarta-feira,D 5º,61,31
1461,1977-10-26,Quarta-feira,D 2º,61,11
1463,1977-11-09,Quarta-feira,D 2º,61,2
1463,1977-11-09,Quarta-feira,D 3º,61,0
1465,1977-11-16,Quarta-feira,D 1º,61,2
1519,1978-06-14,Quarta-feira,D 1º,61,54
1521,1978-06-21,Quarta-feira,D 3º,61,2
1547,1978-09-23,Sábado,D 1º,61,26
1567,1978-12-13,Quarta-feira,D 3º,61,20
1617,1979-06-30,Sábado,D 2º,61,50
1618,1979-07-04,Quarta-feira,D 1º,61,1
1640,1979-09-26,Quarta-feira,D 4º,61,22
1650,1979-11-07,Quarta-feira,D 2º,61,10
1665,1980-01-09,Quarta-feira,D 2º,61,15
1667,1980-01-19,Sábado,D 2º,61,2
1672,1980-02-09,Sábado,D 2º,61,5
1677,1980-03-01,Sábado,D 5º,61,5
1692,1980-04-26,Sábado,D 1º,61,15
1715,1980-07-23,Quarta-feira,D 3º,61,23
1725,1980-08-30,Sábado,D 3º,61,10
1741,1980-10-29,Quarta-feira,D 1º,61,16
1825,1981-09-23,Quarta-feira,D 4º,61,84
1841,1981-11-25,Quarta-feira,D 3º,61,16
1848,1981-12-19,Sábado,D 5º,61,7
1854,1982-01-16,Sábado,D 5º,61,6
1859,1982-02-03,Quarta-feira,D 2º,61,5
1878,1982-04-24,Sábado,D 2º,61,19
1893,1982-06-23,Quarta-feira,D 1º,61,15
1909,1982-08-21,Sábado,D 4º,61,16
1926,1982-10-27,Quarta-feira,D 1º,61,17
1931,1982-11-20,Sábado,D 1º,61,5
1941,1982-12-29,Quarta-feira,D 4º,61,10
1960,1983-03-16,Quarta-feira,D 1º,61,19
1963,1983-03-26,Sábado,D 3º,61,3
1981,1983-06-01,Quarta-feira,D 5º,61,18
1992,1983-07-09,Sábado,D 3º,61,11
2022,1983-11-12,Sábado,D 1º,61,30
2027,1983-12-03,Sábado,D 1º,61,5
2042,1984-01-28,Sábado,D 4º,61,15
2049,1984-02-22,Quarta-feira,D 1º,61,7
2095,1984-08-25,Sábado,D 4º,61,46
2123,1984-12-19,Quarta-feira,D 1º,61,28
2143,1985-03-13,Quarta-feira,D 1º,61,20
2164,1985-06-01,Sábado,D 1º,61,21
2183,1985-08-10,Sábado,D 4º,61,19
2198,1985-10-05,Sábado,D 2º,61,15
2206,1985-11-06,Quarta-feira,D 2º,61,8
2213,1985-12-04,Quarta-feira,D 3º,61,7
2258,1986-06-04,Quarta-feira,D 4º,61,45
2259,1986-06-07,Sábado,D 3º,61,1
2291,1986-10-12,Domingo,D 3º,61,32
2293,1986-10-18,Sábado,D 5º,61,2
2305,1986-12-06,Sábado,D 5º,61,12
2308,1986-12-17,Quarta-feira,D 1º,61,3
2311,1987-01-07,Quarta-feira,D 1º,61,3
2324,1987-02-21,Sábado,D 3º,61,13
2325,1987-02-25,Quarta-feira,D 5º,61,1
2338,1987-04-15,Quarta-feira,D 5º,61,13
2342,1987-05-03,Domingo,D 2º,61,4
2351,1987-06-03,Quarta-feira,D 3º,61,9
2354,1987-06-13,Sábado,D 5º,61,3
2362,1987-07-11,Sábado,D 3º,61,8
2362,1987-07-11,Sábado,D 5º,61,0
2400,1987-12-05,Sábado,D 1º,61,38
2457,1988-07-20,Quarta-feira,D 2º,61,57
2474,1988-09-21,Quarta-feira,D 1º,61,17
2478,1988-10-05,Quarta-feira,D 2º,61,4
2527,1989-04-26,Quarta-feira,D 5º,61,49
2566,1989-09-27,Quarta-feira,D 2º,61,39
2604,1990-03-25,Domingo,D 5º,61,38
2639,1990-08-18,Sábado,D 5º,61,35
2662,1990-11-24,Sábado,D 3º,61,23
2693,1991-03-27,Quarta-feira,D 2º,61,31
2696,1991-04-10,Quarta-feira,D 2º,61,3
2697,1991-04-13,Sábado,D 5º,61,1
2698,1991-04-17,Quarta-feira,D 3º,61,1
2706,1991-05-18,Sábado,D 5º,61,8
2732,1991-08-28,Quarta-feira,D 5º,61,26
2743,1991-10-09,Quarta-feira,D 2º,61,11
2761,1991-12-28,Sábado,D 1º,61,18
2797,1992-05-20,Quarta-feira,D 1º,61,36
2807,1992-07-18,Sábado,D 5º,61,10
2833,1993-01-23,Sábado,D 2º,61,26
2834,1993-01-30,Sábado,D 1º,61,1
2847,1993-05-08,Sábado,D 5º,61,13
2853,1993-06-19,Sábado,D 1º,61,6
2872,1993-10-23,Sábado,D 1º,61,19
2874,1993-10-30,Sábado,D 4º,61,2
2878,1993-11-20,Sábado,D 1º,61,4
2888,1994-01-08,Sábado,D 4º,61,10
2926,1994-06-04,Sábado,D 5º,61,38
2927,1994-06-11,Sábado,D 3º,61,1
2928,1994-06-15,Quarta-feira,D 4º,61,1
2952,1994-09-14,Quarta-feira,D 2º,61,24
2996,1995-03-18,Sábado,D 5º,61,44
3015,1995-06-10,Sábado,D 1º,61,19
3042,1995-09-27,Quarta-feira,D 5º,61,27
3063,1996-01-06,Sábado,D 3º,61,21
3090,1996-04-27,Sábado,D 2º,61,27
3097,1996-05-25,Sábado,D 2º,61,7
3108,1996-07-10,Quarta-feira,D 3º,61,11
3125,1996-09-18,Quarta-feira,D 4º,61,17
3150,1997-01-11,Sábado,D 5º,61,25
3159,1997-02-19,Quarta-feira,D 3º,61,9
3182,1997-05-24,Sábado,D 5º,61,23
3194,1997-07-12,Sábado,D 5º,61,12
3205,1997-08-23,Sábado,D 1º,61,11
3260,1998-03-25,Quarta-feira,D 5º,61,55
3276,1998-06-03,Quarta-feira,D 2º,61,16
3308,1998-10-07,Quarta-feira,D 2º,61,32
3323,1998-12-05,Sábado,D 2º,61,15
3357,1999-04-24,Sábado,D 1º,61,34
3373,1999-06-26,Sábado,D 5º,61,16
3438,2000-03-04,Sábado,D 5º,61,65
3439,2000-03-11,Sábado,D 2º,61,1
3442,2000-03-22,Quarta-feira,D 1º,61,3
3444,2000-03-29,Quarta-feira,D 3º,61,2
3458,2000-05-24,Quarta-feira,D 5º,61,14
3483,2000-08-26,Sábado,D 5º,61,25
3492,2000-09-30,Sábado,D 5º,61,9
3538,2001-04-04,Quarta-feira,D 5º,61,46
3543,2001-04-28,Sábado,D 3º,61,5
3563,2001-07-18,Quarta-feira,D 2º,61,20
3630,2002-04-10,Quarta-feira,D 5º,61,67
3648,2002-06-22,Sábado,D 3º,61,18
3713,2003-02-26,Quarta-feira,D 4º,61,65
3719,2003-03-22,Sábado,D 3º,61,6
3749,2003-07-09,Quarta-feira,D 2º,61,30
3750,2003-07-12,Sábado,D 1º,61,1
3759,2003-08-13,Quarta-feira,D 3º,61,9
3777,2003-10-15,Quarta-feira,D 4º,61,18
3798,2004-01-07,Quarta-feira,D 4º,61,21
3814,2004-03-06,Sábado,D 5º,61,16
3885,2004-11-17,Quarta-feira,D 2º,61,71
3954,2005-07-23,Sábado,D 5º,61,69
3965,2005-08-31,Quarta-feira,D 5º,61,11
3969,2005-09-17,Sábado,D 2º,61,4
4015,2006-03-04,Sábado,D 5º,61,46
4049,2006-07-01,Sábado,D 1º,61,34
4120,2007-03-10,Sábado,D 3º,61,71
4136,2007-05-09,Quarta-feira,D 1º,61,16
4156,2007-07-18,Quarta-feira,D 1º,61,20
4164,2007-08-15,Quarta-feira,D 1º,61,8
4215,2008-02-09,Sábado,D 5º,61,51
4233,2008-04-12,Sábado,D 4º,61,18
4251,2008-06-14,Sábado,D 4º,61,18
4253,2008-06-21,Sábado,D 1º,61,2
4289,2008-10-25,Sábado,D 4º,61,36
4326,2009-03-07,Sábado,D 1º,61,37
4347,2009-05-20,Quarta-feira,D 2º,61,21
4391,2009-10-21,Quarta-feira,D 5º,61,44
4408,2009-12-19,Sábado,D 3º,61,17
4451,2010-05-22,Sábado,D 4º,61,43
4496,2010-10-27,Quarta-feira,D 3º,61,45
4509,2010-12-11,Sábado,D 3º,61,13
4512,2010-12-22,Quarta-feira,D 5º,61,3
4532,2011-03-02,Quarta-feira,D 5º,61,20
4562,2011-06-15,Quarta-feira,D 2º,61,30
4564,2011-06-22,Quarta-feira,D 2º,61,2
4577,2011-08-06,Sábado,D 4º,61,13
4586,2011-09-08,Quinta-feira,D 5º,61,9
4604,2011-11-09,Quarta-feira,D 3º,61,18
4608,2011-11-23,Quarta-feira,D 4º,61,4
4628,2012-02-01,Quarta-feira,D 5º,61,20
4632,2012-02-15,Quarta-feira,D 4º,61,4
4678,2012-07-25,Quarta-feira,D 5º,61,46
4682,2012-08-08,Quarta-feira,D 4º,61,4
4735,2013-02-09,Sábado,D 4º,61,53
4749,2013-03-30,Sábado,D 5º,61,14
4759,2013-05-04,Sábado,D 2º,61,10
4788,2013-08-14,Quarta-feira,D 3º,61,29
4823,2013-12-14,Sábado,D 5º,61,35
4831,2014-01-11,Sábado,D 3º,61,8
4880,2014-07-02,Quarta-feira,D 2º,61,49
4882,2014-07-09,Quarta-feira,D 2º,61,2
4894,2014-08-20,Quarta-feira,D 3º,61,12
4912,2014-10-22,Quarta-feira,D 3º,61,18
4920,2014-11-19,Quarta-feira,D 1º,61,8
4945,2015-02-14,Sábado,D 4º,61,25
4967,2015-05-02,Sábado,D 1º,61,22
4970,2015-05-13,Quarta-feira,D 4º,61,3
4987,2015-07-11,Sábado,D 4º,61,17
5003,2015-09-05,Sábado,D 1º,61,16
5017,2015-10-24,Sábado,D 5º,61,14
5020,2015-11-04,Quarta-feira,D 1º,61,3
5057,2016-03-12,Sábado,D 1º,61,37
5088,2016-06-29,Quarta-feira,D 3º,61,31
5108,2016-09-06,Terça-feira,D 5º,61,20
5141,2016-12-31,Sábado,D 1º,61,33
5192,2017-06-28,Quarta-feira,D 3º,61,51
5264,2018-03-07,Quarta-feira,D 2º,61,72
5264,2018-03-07,Quarta-feira,D 5º,61,0
5270,2018-03-28,Quarta-feira,D 4º,61,6
5306,2018-08-01,Quarta-feira,D 1º,61,36
5309,2018-08-11,Sábado,D 2º,61,3
5387,2019-05-11,Sábado,D 1º,61,78
5403,2019-07-06,Sábado,D 1º,61,16
5439,2019-11-09,Sábado,D 1º,61,36
5444,2019-11-27,Quarta-feira,D 3º,61,5
5464,2020-02-01,Sábado,D 5º,61,20
5474,2020-03-07,Sábado,D 1º,61,10
5479,2020-07-11,Sábado,D 4º,61,5
5501,2020-09-30,Quarta-feira,D 2º,61,22
5505,2020-10-14,Quarta-feira,D 5º,61,4
5516,2020-11-21,Sábado,D 4º,61,11
5551,2021-03-31,Quarta-feira,D 4º,61,35
5570,2021-06-12,Sábado,D 3º,61,19
5577,2021-07-07,Quarta-feira,D 5º,61,7
5616,2021-11-24,Quarta-feira,D 2º,61,39
5622,2021-12-15,Quarta-feira,D 2º,61,6
5727,2022-12-31,Sábado,D 4º,61,105
5737,2023-02-04,Sábado,D 4º,61,10
5763,2023-05-10,Quarta-feira,D 1º,61,26
5788,2023-08-05,Sábado,D 3º,61,25
5803,2023-09-27,Quarta-feira,D 4º,61,15
5808,2023-10-14,Sábado,D 1º,61,5
5816,2023-11-11,Sábado,D 2º,61,8
5836,2024-01-27,Sábado,D 1º,61,20
5848,2024-03-13,Quarta-feira,D 5º,61,12
5858,2024-04-17,Quarta-feira,D 3º,61,10
5861,2024-04-27,Sábado,D 5º,61,3
5878,2024-06-26,Quarta-feira,D 3º,61,17
5892,2024-08-14,Quarta-feira,D 1º,61,14
