Concurso,Data,Dia da Semana,Sorteio,Dezena,Atraso
39,1963-02-09,Sábado,MC 3º,96,39
45,1963-03-06,Quarta-feira,MC 5º,96,6
58,1963-04-24,Quarta-feira,MC 2º,96,13
73,1963-06-19,Quarta-feira,MC 5º,96,15
86,1963-08-03,Sábado,MC 5º,96,13
99,1963-09-21,Sábado,MC 1º,96,13
128,1964-01-11,Sábado,MC 3º,96,29
140,1964-02-26,Quarta-feira,MC 5º,96,12
180,1964-07-18,Sábado,MC 5º,96,40
204,1964-10-14,Quarta-feira,MC 2º,96,24
213,1964-11-14,Sábado,MC 2º,96,9
221,1964-12-12,Sábado,MC 1º,96,8
249,1965-03-31,Quarta-feira,MC 2º,96,28
255,1965-04-24,Sábado,MC 1º,96,6
274,1965-07-03,Sábado,MC 4º,96,19
276,1965-07-10,Sábado,MC 1º,96,2
318,1965-12-04,Sábado,MC 4º,96,42
340,1966-03-02,Quarta-feira,MC 1º,96,22
362,1966-05-18,Quarta-feira,MC 1º,96,22
366,1966-06-01,Quarta-feira,MC 3º,96,4
436,1967-02-11,Sábado,MC 5º,96,70
445,1967-03-15,Quarta-feira,MC 4º,96,9
446,1967-03-18,Sábado,MC 5º,96,1
451,1967-04-05,Quarta-feira,MC 3º,96,5
494,1967-09-02,Sábado,MC 2º,96,43
512,1967-11-04,Sábado,MC 2º,96,18
553,1968-04-03,Quarta-feira,MC 2º,96,41
555,1968-04-10,Quarta-feira,MC 2º,96,2
578,1968-07-03,Quarta-feira,MC 3º,96,23
590,1968-08-14,Quarta-feira,MC 5º,96,12
609,1968-10-23,Quarta-feira,MC 5º,96,19
611,1968-10-30,Quarta-feira,MC 2º,96,2
614,1968-11-13,Quarta-feira,MC 3º,96,3
616,1968-11-20,Quarta-feira,MC 4º,96,2
692,1969-08-27,Quarta-feira,MC 4º,96,76
696,1969-09-10,Quarta-feira,MC 1º,96,4
712,1969-11-05,Quarta-feira,MC 3º,96,16
715,1969-11-19,Quarta-feira,MC 1º,96,3
729,1970-01-14,Quarta-feira,MC 5º,96,14
744,1970-03-11,Quarta-feira,MC 3º,96,15
769,1970-06-10,Quarta-feira,MC 5º,96,25
794,1970-09-05,Sábado,MC 3º,96,25
798,1970-09-19,Sábado,MC 2º,96,4
807,1970-10-21,Quarta-feira,MC 4º,96,9
817,1970-11-25,Quarta-feira,MC 4º,96,10
823,1970-12-16,Quarta-feira,MC 4º,96,6
848,1971-03-27,Sábado,MC 5º,96,25
868,1971-06-16,Quarta-feira,MC 2º,96,20
917,1971-12-22,Quarta-feira,MC 3º,96,49
925,1972-02-02,Quarta-feira,MC 2º,96,8
944,1972-04-26,Quarta-feira,MC 2º,96,19
954,1972-06-07,Quarta-feira,MC 1º,96,10
974,1972-09-09,Sábado,MC 4º,96,20
982,1972-10-11,Quarta-feira,MC 3º,96,8
1005,1973-01-20,Sábado,MC 4º,96,23
1036,1973-05-30,Quarta-feira,MC 4º,96,31
1055,1973-08-08,Quarta-feira,MC 4º,96,19
1062,1973-09-01,Sábado,MC 1º,96,7
1064,1973-09-08,Sábado,MC 1º,96,2
1140,1974-06-15,Sábado,MC 1º,96,76
1151,1974-07-24,Quarta-feira,MC 1º,96,11
1163,1974-09-11,Quarta-feira,MC 1º,96,12
1258,1975-09-03,Quarta-feira,MC 5º,96,95
1285,1975-12-13,Sábado,MC 3º,96,27
1293,1976-01-17,Sábado,MC 2º,96,8
1297,1976-02-04,Quarta-feira,MC 2º,96,4
1313,1976-04-03,Sábado,MC 1º,96,16
1327,1976-06-02,Quarta-feira,MC 3º,96,14
1328,1976-06-05,Sábado,MC 4º,96,1
1395,1977-02-16,Quarta-feira,MC 1º,96,67
1396,1977-02-19,Sábado,MC 5º,96,1
1463,1977-11-09,Quarta-feira,MC 5º,96,67
1466,1977-11-19,Sábado,MC 4º,96,3
1470,1977-12-03,Sábado,MC 4º,96,4
1532,1978-07-29,Sábado,MC 3º,96,62
1535,1978-08-12,Sábado,MC 3º,96,3
1545,1978-09-16,Sábado,MC 3º,96,10
1558,1978-11-04,Sábado,MC 3º,96,13
1571,1978-12-30,Sábado,MC 4º,96,13
1598,1979-04-11,Quarta-feira,MC 4º,96,27
1621,1979-07-14,Sábado,MC 5º,96,23
1650,1979-11-07,Quarta-feira,MC 3º,96,29
1660,1979-12-15,Sábado,MC 1º,96,10
1665,1980-01-09,Quarta-feira,MC 2º,96,5
1673,1980-02-13,Quarta-feira,MC 2º,96,8
1729,1980-09-13,Sábado,MC 3º,96,56
1735,1980-10-04,Sábado,MC 5º,96,6
1742,1980-11-01,Sábado,MC 1º,96,7
1746,1980-11-19,Quarta-feira,MC 5º,96,4
1764,1981-01-28,Quarta-feira,MC 1º,96,18
1768,1981-02-11,Quarta-feira,MC 2º,96,4
1820,1981-09-05,Sábado,MC 4º,96,52
1886,1982-05-29,Sábado,MC 5º,96,66
1909,1982-08-21,Sábado,MC 4º,96,23
1920,1982-10-06,Quarta-feira,MC 2º,96,11
1938,1982-12-15,Quarta-feira,MC 5º,96,18
1946,1983-01-19,Quarta-feira,MC 5º,96,8
1985,1983-06-15,Quarta-feira,MC 5º,96,39
1998,1983-07-30,Sábado,MC 2º,96,13
2016,1983-10-08,Sábado,MC 2º,96,18
2017,1983-10-19,Quarta-feira,MC 5º,96,1
2019,1983-10-26,Quarta-feira,MC 3º,96,2
2162,1985-05-25,Sábado,MC 5º,96,143
2169,1985-06-22,Sábado,MC 5º,96,7
2175,1985-07-13,Sábado,MC 2º,96,6
2187,1985-08-24,Sábado,MC 3º,96,12
2233,1986-02-22,Sábado,MC 5º,96,46
2237,1986-03-08,Sábado,MC 4º,96,4
2241,1986-03-23,Domingo,MC 1º,96,4
2297,1986-11-01,Sábado,MC 3º,96,56
2304,1986-12-03,Quarta-feira,MC 4º,96,7
2317,1987-01-28,Quarta-feira,MC 5º,96,13
2409,1988-01-16,Sábado,MC 1º,96,92
2432,1988-04-13,Quarta-feira,MC 2º,96,23
2449,1988-06-22,Quarta-feira,MC 1º,96,17
2465,1988-08-17,Quarta-feira,MC 5º,96,16
2513,1989-03-01,Quarta-feira,MC 3º,96,48
2559,1989-08-30,Quarta-feira,MC 3º,96,46
2571,1989-10-18,Quarta-feira,MC 4º,96,12
2606,1990-03-31,Sábado,MC 3º,96,35
2609,1990-04-18,Quarta-feira,MC 5º,96,3
2620,1990-06-02,Sábado,MC 4º,96,11
2649,1990-09-26,Quarta-feira,MC 5º,96,29
2667,1990-12-12,Quarta-feira,MC 1º,96,18
2677,1991-01-26,Sábado,MC 2º,96,10
2698,1991-04-17,Quarta-feira,MC 4º,96,21
2715,1991-06-26,Quarta-feira,MC 1º,96,17
2731,1991-08-24,Sábado,MC 3º,96,16
2739,1991-09-25,Quarta-feira,MC 5º,96,8
2757,1991-12-07,Sábado,MC 2º,96,18
2772,1992-02-08,Sábado,MC 3º,96,15
2788,1992-04-08,Quarta-feira,MC 1º,96,16
2792,1992-04-29,Quarta-feira,MC 4º,96,4
2802,1992-06-13,Sábado,MC 4º,96,10
2804,1992-06-27,Sábado,MC 4º,96,2
2813,1992-08-29,Sábado,MC 5º,96,9
2831,1993-01-09,Sábado,MC 2º,96,18
2836,1993-02-13,Sábado,MC 3º,96,5
2845,1993-04-17,Sábado,MC 5º,96,9
2847,1993-05-08,Sábado,MC 3º,96,2
2859,1993-07-31,Sábado,MC 3º,96,12
2887,1993-12-29,Quarta-feira,MC 1º,96,28
2915,1994-04-23,Sábado,MC 1º,96,28
2927,1994-06-11,Sábado,MC 1º,96,12
2928,1994-06-15,Quarta-feira,MC 2º,96,1
2930,1994-06-25,Sábado,MC 2º,96,2
2954,1994-09-21,Quarta-feira,MC 4º,96,24
3053,1995-10-22,Domingo,MC 5º,96,99
3064,1996-01-10,Quarta-feira,MC 2º,96,11
3074,1996-02-17,Sábado,MC 5º,96,10
3169,1997-04-02,Quarta-feira,MC 5º,96,95
3188,1997-06-21,Sábado,MC 4º,96,19
3212,1997-09-20,Sábado,MC 4º,96,24
3282,1998-07-01,Quarta-feira,MC 2º,96,70
3286,1998-07-15,Quarta-feira,MC 3º,96,4
3290,1998-08-01,Sábado,MC 2º,96,4
3304,1998-09-23,Quarta-feira,MC 2º,96,14
3335,1999-01-27,Quarta-feira,MC 2º,96,31
3346,1999-03-10,Quarta-feira,MC 2º,96,11
3383,1999-07-31,Sábado,MC 2º,96,37
3416,1999-12-08,Quarta-feira,MC 3º,96,33
3450,2000-04-19,Quarta-feira,MC 3º,96,34
3473,2000-07-22,Sábado,MC 5º,96,23
3501,2000-11-08,Quarta-feira,MC 1º,96,28
3543,2001-04-28,Sábado,MC 2º,96,42
3544,2001-05-05,Sábado,MC 2º,96,1
3547,2001-05-16,Quarta-feira,MC 4º,96,3
3560,2001-07-07,Sábado,MC 3º,96,13
3561,2001-07-11,Quarta-feira,MC 2º,96,1
3582,2001-09-26,Quarta-feira,MC 1º,96,21
3585,2001-10-06,Sábado,MC 2º,96,3
3594,2001-11-17,Sábado,MC 2º,96,9
3597,2001-11-28,Quarta-feira,MC 5º,96,3
3644,2002-06-05,Quarta-feira,MC 4º,96,47
3655,2002-07-17,Quarta-feira,MC 5º,96,11
3674,2002-09-28,Sábado,MC 5º,96,19
3690,2002-11-30,Sábado,MC 5º,96,16
3700,2003-01-11,Sábado,MC 3º,96,10
3704,2003-01-25,Sábado,MC 5º,96,4
3709,2003-02-12,Quarta-feira,MC 4º,96,5
3731,2003-05-07,Quarta-feira,MC 2º,96,22
3736,2003-05-24,Sábado,MC 4º,96,5
3738,2003-05-31,Sábado,MC 4º,96,2
3756,2003-08-02,Sábado,MC 4º,96,18
3770,2003-09-20,Sábado,MC 5º,96,14
3794,2003-12-17,Quarta-feira,MC 1º,96,24
3831,2004-05-12,Quarta-feira,MC 4º,96,37
3834,2004-05-22,Sábado,MC 3º,96,3
3889,2004-12-01,Quarta-feira,MC 1º,96,55
3918,2005-03-19,Sábado,MC 4º,96,29
3945,2005-06-22,Quarta-feira,MC 3º,96,27
3973,2005-10-01,Sábado,MC 5º,96,28
3983,2005-11-12,Sábado,MC 4º,96,10
4010,2006-02-15,Quarta-feira,MC 3º,96,27
4011,2006-02-18,Sábado,MC 4º,96,1
4047,2006-06-24,Sábado,MC 2º,96,36
4066,2006-08-30,Quarta-feira,MC 5º,96,19
4067,2006-09-02,Sábado,MC 4º,96,1
4084,2006-11-01,Quarta-feira,MC 3º,96,17
4124,2007-03-24,Sábado,MC 1º,96,40
4124,2007-03-24,Sábado,MC 3º,96,0
4125,2007-03-28,Quarta-feira,MC 5º,96,1
4144,2007-06-06,Quarta-feira,MC 2º,96,19
4156,2007-07-18,Quarta-feira,MC 3º,96,12
4180,2007-10-10,Quarta-feira,MC 5º,96,24
4233,2008-04-12,Sábado,MC 4º,96,53
4285,2008-10-11,Sábado,MC 5º,96,52
4288,2008-10-22,Quarta-feira,MC 2º,96,3
4326,2009-03-07,Sábado,MC 1º,96,38
4346,2009-05-16,Sábado,MC 2º,96,20
4388,2009-10-10,Sábado,MC 4º,96,42
4406,2009-12-12,Sábado,MC 3º,96,18
4433,2010-03-17,Quarta-feira,MC 4º,96,27
4439,2010-04-07,Quarta-feira,MC 4º,96,6
4453,2010-05-29,Sábado,MC 5º,96,14
4473,2010-08-07,Sábado,MC 4º,96,20
4496,2010-10-27,Quarta-feira,MC 5º,96,23
4501,2010-11-13,Sábado,MC 5º,96,5
4531,2011-02-26,Sábado,MC 3º,96,30
4571,2011-07-16,Sábado,MC 1º,96,40
4596,2011-10-13,Quinta-feira,MC 3º,96,25
4650,2012-04-18,Quarta-feira,MC 1º,96,54
4650,2012-04-18,Quarta-feira,MC 3º,96,0
4654,2012-05-02,Quarta-feira,MC 3º,96,4
4701,2012-10-13,Sábado,MC 5º,96,47
4708,2012-11-07,Quarta-feira,MC 5º,96,7
4713,2012-11-24,Sábado,MC 2º,96,5
4725,2013-01-05,Sábado,MC 5º,96,12
4727,2013-01-12,Sábado,MC 4º,96,2
4732,2013-01-30,Quarta-feira,MC 4º,96,5
4757,2013-04-27,Sábado,MC 5º,96,25
4763,2013-05-18,Sábado,MC 4º,96,6
4768,2013-06-05,Quarta-feira,MC 4º,96,5
4797,2013-09-14,Sábado,MC 5º,96,29
4810,2013-10-30,Quarta-feira,MC 5º,96,13
4824,2013-12-18,Quarta-feira,MC 1º,96,14
4824,2013-12-18,Quarta-feira,MC 2º,96,0
4852,2014-03-26,Quarta-feira,MC 2º,96,28
4874,2014-06-11,Quarta-feira,MC 3º,96,22
4895,2014-08-23,Sábado,MC 5º,96,21
4904,2014-09-24,Quarta-feira,MC 4º,96,9
4910,2014-10-15,Quarta-feira,MC 4º,96,6
4973,2015-05-23,Sábado,MC 4º,96,63
4976,2015-06-03,Quarta-feira,MC 5º,96,3
4986,2015-07-08,Quarta-feira,MC 4º,96,10
5036,2015-12-29,Terça-feira,MC 2º,96,50
5042,2016-01-20,Quarta-feira,MC 3º,96,6
5055,2016-03-05,Sábado,MC 1º,96,13
5064,2016-04-06,Quarta-feira,MC 1º,96,9
5076,2016-05-18,Quarta-feira,MC 2º,96,12
5084,2016-06-15,Quarta-feira,MC 1º,96,8
5156,2017-02-22,Quarta-feira,MC 4º,96,72
5160,2017-03-08,Quarta-feira,MC 1º,96,4
5216,2017-09-20,Quarta-feira,MC 4º,96,56
5235,2017-11-25,Sábado,MC 5º,96,19
5240,2017-12-13,Quarta-feira,MC 2º,96,5
5241,2017-12-16,Sábado,MC 2º,96,1
5258,2018-02-15,Quinta-feira,MC 5º,96,17
5271,2018-03-31,Sábado,MC 2º,96,13
5279,2018-04-28,Sábado,MC 2º,96,8
5314,2018-08-29,Quarta-feira,MC 1º,96,35
5330,2018-10-24,Quarta-feira,MC 1º,96,16
5331,2018-10-27,Sábado,MC 1º,96,1
5396,2019-06-12,Quarta-feira,MC 1º,96,65
5423,2019-09-14,Sábado,MC 5º,96,27
5437,2019-11-01,Sexta-feira,MC 5º,96,14
5438,2019-11-06,Quarta-feira,MC 4º,96,1
5482,2020-08-01,Sábado,MC 5º,96,44
5501,2020-09-30,Quarta-feira,MC 3º,96,19
5570,2021-06-12,Sábado,MC 3º,96,69
5573,2021-06-23,Quarta-feira,MC 5º,96,3
5578,2021-07-10,Sábado,MC 5º,96,5
5581,2021-07-21,Quarta-feira,MC 4º,96,3
5594,2021-09-04,Sábado,MC 1º,96,13
5604,2021-10-09,Sábado,MC 1º,96,10
5606,2021-10-16,Sábado,MC 1º,96,2
5617,2021-11-27,Sábado,MC 1º,96,11
5647,2022-03-19,Sábado,MC 2º,96,30
5662,2022-05-11,Quarta-feira,MC 4º,96,15
5684,2022-07-27,Quarta-feira,MC 4º,96,22
5691,2022-08-20,Sábado,MC 2º,96,7
5699,2022-09-17,Sábado,MC 1º,96,8
5751,2023-03-29,Quarta-feira,MC 2º,96,52
5754,2023-04-08,Sábado,MC 5º,96,3
5759,2023-04-26,Quarta-feira,MC 3º,96,5
5771,2023-06-07,Quarta-feira,MC 3º,96,12
