Concurso,Data,Dia da Semana,Sorteio,Dezena,Atraso
1,1962-09-15,Sábado,MC 1º,53,1
8,1962-10-17,Quarta-feira,MC 3º,53,7
18,1962-11-24,Sábado,MC 5º,53,10
42,1963-02-20,Quarta-feira,MC 3º,53,24
55,1963-04-10,Quarta-feira,MC 2º,53,13
59,1963-04-27,Sábado,MC 1º,53,4
89,1963-08-14,Quarta-feira,MC 3º,53,30
89,1963-08-14,Quarta-feira,MC 5º,53,0
93,1963-08-28,Quarta-feira,MC 2º,53,4
101,1963-09-28,Sábado,MC 5º,53,8
139,1964-02-22,Sábado,MC 1º,53,38
153,1964-04-15,Quarta-feira,MC 3º,53,14
171,1964-06-17,Quarta-feira,MC 1º,53,18
206,1964-10-21,Quarta-feira,MC 2º,53,35
222,1964-12-16,Quarta-feira,MC 5º,53,16
225,1964-12-26,Sábado,MC 2º,53,3
235,1965-02-06,Sábado,MC 5º,53,10
242,1965-03-06,Sábado,MC 4º,53,7
264,1965-05-29,Sábado,MC 5º,53,22
320,1965-12-11,Sábado,MC 4º,53,56
323,1965-12-22,Quarta-feira,MC 2º,53,3
334,1966-02-05,Sábado,MC 5º,53,11
357,1966-04-30,Sábado,MC 3º,53,23
359,1966-05-07,Sábado,MC 1º,53,2
418,1966-12-07,Quarta-feira,MC 4º,53,59
421,1966-12-17,Sábado,MC 1º,53,3
436,1967-02-11,Sábado,MC 2º,53,15
459,1967-05-03,Quarta-feira,MC 4º,53,23
468,1967-06-03,Sábado,MC 3º,53,9
470,1967-06-10,Sábado,MC 1º,53,2
473,1967-06-21,Quarta-feira,MC 5º,53,3
476,1967-07-01,Sábado,MC 1º,53,3
508,1967-10-21,Sábado,MC 3º,53,32
528,1968-01-03,Quarta-feira,MC 2º,53,20
573,1968-06-15,Sábado,MC 4º,53,45
579,1968-07-06,Sábado,MC 5º,53,6
595,1968-08-31,Sábado,MC 4º,53,16
598,1968-09-14,Sábado,MC 2º,53,3
619,1968-11-30,Sábado,MC 5º,53,21
623,1968-12-14,Sábado,MC 4º,53,4
635,1969-02-01,Sábado,MC 2º,53,12
645,1969-03-12,Quarta-feira,MC 3º,53,10
650,1969-03-29,Sábado,MC 5º,53,5
656,1969-04-23,Quarta-feira,MC 2º,53,6
675,1969-06-28,Sábado,MC 3º,53,19
746,1970-03-18,Quarta-feira,MC 3º,53,71
771,1970-06-17,Quarta-feira,MC 3º,53,25
789,1970-08-19,Quarta-feira,MC 2º,53,18
808,1970-10-24,Sábado,MC 3º,53,19
830,1971-01-16,Sábado,MC 1º,53,22
831,1971-01-23,Sábado,MC 3º,53,1
863,1971-05-29,Sábado,MC 5º,53,32
879,1971-07-24,Sábado,MC 2º,53,16
895,1971-09-25,Sábado,MC 5º,53,16
929,1972-02-23,Quarta-feira,MC 3º,53,34
935,1972-03-18,Sábado,MC 4º,53,6
936,1972-03-22,Quarta-feira,MC 2º,53,1
939,1972-04-05,Quarta-feira,MC 1º,53,3
983,1972-10-14,Sábado,MC 3º,53,44
988,1972-11-08,Quarta-feira,MC 4º,53,5
1002,1973-01-10,Quarta-feira,MC 3º,53,14
1115,1974-03-16,Sábado,MC 4º,53,113
1129,1974-05-08,Quarta-feira,MC 1º,53,14
1173,1974-10-16,Quarta-feira,MC 2º,53,44
1197,1975-01-18,Sábado,MC 3º,53,24
1200,1975-01-29,Quarta-feira,MC 4º,53,3
1212,1975-03-15,Sábado,MC 5º,53,12
1262,1975-09-17,Quarta-feira,MC 5º,53,50
1273,1975-10-25,Sábado,MC 5º,53,11
1348,1976-08-18,Quarta-feira,MC 3º,53,75
1373,1976-11-20,Sábado,MC 3º,53,25
1413,1977-04-27,Quarta-feira,MC 1º,53,40
1433,1977-07-09,Sábado,MC 3º,53,20
1509,1978-05-10,Quarta-feira,MC 1º,53,76
1513,1978-05-24,Quarta-feira,MC 3º,53,4
1580,1979-01-31,Quarta-feira,MC 1º,53,67
1581,1979-02-07,Quarta-feira,MC 2º,53,1
1603,1979-05-12,Sábado,MC 2º,53,22
1628,1979-08-11,Sábado,MC 2º,53,25
1631,1979-08-22,Quarta-feira,MC 5º,53,3
1668,1980-01-27,Domingo,MC 2º,53,37
1695,1980-05-10,Sábado,MC 5º,53,27
1697,1980-05-21,Quarta-feira,MC 1º,53,2
1736,1980-10-08,Quarta-feira,MC 3º,53,39
1781,1981-04-04,Sábado,MC 1º,53,45
1781,1981-04-04,Sábado,MC 2º,53,0
1794,1981-06-03,Quarta-feira,MC 5º,53,13
1798,1981-06-17,Quarta-feira,MC 1º,53,4
1816,1981-08-22,Sábado,MC 1º,53,18
1851,1982-01-06,Quarta-feira,MC 2º,53,35
1861,1982-02-10,Quarta-feira,MC 3º,53,10
1865,1982-02-27,Sábado,MC 2º,53,4
1870,1982-03-17,Quarta-feira,MC 5º,53,5
1874,1982-04-03,Sábado,MC 1º,53,4
1884,1982-05-22,Sábado,MC 5º,53,10
1910,1982-08-25,Quarta-feira,MC 4º,53,26
1912,1982-09-01,Quarta-feira,MC 3º,53,2
1918,1982-09-25,Sábado,MC 2º,53,6
1919,1982-09-29,Quarta-feira,MC 5º,53,1
1921,1982-10-09,Sábado,MC 1º,53,2
1927,1982-10-30,Sábado,MC 4º,53,6
1933,1982-11-27,Sábado,MC 2º,53,6
1943,1983-01-08,Sábado,MC 2º,53,10
1953,1983-02-12,Sábado,MC 4º,53,10
1981,1983-06-01,Quarta-feira,MC 3º,53,28
2042,1984-01-28,Sábado,MC 3º,53,61
2050,1984-02-25,Sábado,MC 5º,53,8
2053,1984-03-10,Sábado,MC 5º,53,3
2080,1984-06-30,Sábado,MC 4º,53,27
2090,1984-08-08,Quarta-feira,MC 4º,53,10
2103,1984-09-26,Quarta-feira,MC 4º,53,13
2180,1985-07-31,Quarta-feira,MC 5º,53,77
2188,1985-08-28,Quarta-feira,MC 1º,53,8
2216,1985-12-14,Sábado,MC 4º,53,28
2271,1986-07-19,Sábado,MC 1º,53,55
2332,1987-03-25,Quarta-feira,MC 3º,53,61
2346,1987-05-16,Sábado,MC 2º,53,14
2375,1987-08-26,Quarta-feira,MC 2º,53,29
2419,1988-02-24,Quarta-feira,MC 4º,53,44
2440,1988-05-18,Quarta-feira,MC 2º,53,21
2468,1988-08-27,Sábado,MC 2º,53,28
2468,1988-08-27,Sábado,MC 3º,53,0
2503,1989-01-21,Sábado,MC 1º,53,35
2524,1989-04-12,Quarta-feira,MC 1º,53,21
2546,1989-07-12,Quarta-feira,MC 3º,53,22
2638,1990-08-15,Quarta-feira,MC 1º,53,92
2646,1990-09-15,Sábado,MC 1º,53,8
2647,1990-09-19,Quarta-feira,MC 3º,53,1
2648,1990-09-22,Sábado,MC 1º,53,1
2670,1990-12-29,Sábado,MC 3º,53,22
2671,1991-01-05,Sábado,MC 1º,53,1
2674,1991-01-16,Quarta-feira,MC 3º,53,3
2697,1991-04-13,Sábado,MC 5º,53,23
2706,1991-05-18,Sábado,MC 3º,53,9
2712,1991-06-12,Quarta-feira,MC 4º,53,6
2788,1992-04-08,Quarta-feira,MC 4º,53,76
2794,1992-05-09,Sábado,MC 3º,53,6
2795,1992-05-13,Quarta-feira,MC 4º,53,1
2870,1993-10-16,Sábado,MC 4º,53,75
2899,1994-02-19,Sábado,MC 4º,53,29
2945,1994-08-17,Quarta-feira,MC 5º,53,46
2953,1994-09-17,Sábado,MC 3º,53,8
2983,1995-01-25,Quarta-feira,MC 4º,53,30
3005,1995-05-06,Sábado,MC 1º,53,22
3043,1995-09-30,Sábado,MC 4º,53,38
3046,1995-10-18,Quarta-feira,MC 2º,53,3
3063,1996-01-06,Sábado,MC 2º,53,17
3066,1996-01-17,Quarta-feira,MC 4º,53,3
3073,1996-02-14,Quarta-feira,MC 3º,53,7
3082,1996-03-20,Quarta-feira,MC 4º,53,9
3126,1996-09-21,Sábado,MC 1º,53,44
3149,1997-01-08,Quarta-feira,MC 1º,53,23
3161,1997-03-01,Sábado,MC 3º,53,12
3165,1997-03-15,Sábado,MC 1º,53,4
3176,1997-05-03,Sábado,MC 5º,53,11
3215,1997-10-01,Quarta-feira,MC 5º,53,39
3236,1997-12-20,Sábado,MC 3º,53,21
3243,1998-01-21,Quarta-feira,MC 1º,53,7
3281,1998-06-27,Sábado,MC 3º,53,38
3285,1998-07-11,Sábado,MC 1º,53,4
3293,1998-08-12,Quarta-feira,MC 5º,53,8
3299,1998-09-02,Quarta-feira,MC 1º,53,6
3307,1998-10-03,Sábado,MC 3º,53,8
3312,1998-10-24,Sábado,MC 4º,53,5
3316,1998-11-11,Quarta-feira,MC 2º,53,4
3319,1998-11-21,Sábado,MC 5º,53,3
3337,1999-02-03,Quarta-feira,MC 3º,53,18
3347,1999-03-13,Sábado,MC 2º,53,10
3385,1999-08-07,Sábado,MC 4º,53,38
3420,1999-12-29,Quarta-feira,MC 3º,53,35
3431,2000-02-09,Quarta-feira,MC 5º,53,11
3459,2000-05-27,Sábado,MC 4º,53,28
3466,2000-06-28,Quarta-feira,MC 4º,53,7
3469,2000-07-08,Sábado,MC 5º,53,3
3478,2000-08-09,Quarta-feira,MC 2º,53,9
3515,2001-01-10,Quarta-feira,MC 5º,53,37
3522,2001-02-03,Sábado,MC 4º,53,7
3523,2001-02-07,Quarta-feira,MC 3º,53,1
3532,2001-03-14,Quarta-feira,MC 1º,53,9
3537,2001-03-31,Sábado,MC 3º,53,5
3538,2001-04-04,Quarta-feira,MC 3º,53,1
3539,2001-04-07,Sábado,MC 2º,53,1
3574,2001-08-25,Sábado,MC 4º,53,35
3603,2001-12-22,Sábado,MC 3º,53,29
3603,2001-12-22,Sábado,MC 5º,53,0
3641,2002-05-22,Quarta-feira,MC 1º,53,38
3647,2002-06-15,Sábado,MC 1º,53,6
3673,2002-09-25,Quarta-feira,MC 2º,53,26
3687,2002-11-20,Quarta-feira,MC 3º,53,14
3773,2003-10-01,Quarta-feira,MC 5º,53,86
3817,2004-03-17,Quarta-feira,MC 4º,53,44
3819,2004-03-24,Quarta-feira,MC 4º,53,2
3831,2004-05-12,Quarta-feira,MC 5º,53,12
3833,2004-05-19,Quarta-feira,MC 4º,53,2
3837,2004-06-02,Quarta-feira,MC 3º,53,4
3897,2005-01-05,Quarta-feira,MC 5º,53,60
3901,2005-01-19,Quarta-feira,MC 2º,53,4
3976,2005-10-15,Sábado,MC 5º,53,75
3982,2005-11-09,Quarta-feira,MC 3º,53,6
3993,2005-12-17,Sábado,MC 5º,53,11
4057,2006-07-29,Sábado,MC 2º,53,64
4080,2006-10-18,Quarta-feira,MC 1º,53,23
4084,2006-11-01,Quarta-feira,MC 1º,53,4
4086,2006-11-08,Quarta-feira,MC 2º,53,2
4108,2007-01-27,Sábado,MC 2º,53,22
4144,2007-06-06,Quarta-feira,MC 1º,53,36
4225,2008-03-15,Sábado,MC 3º,53,81
4269,2008-08-16,Sábado,MC 3º,53,44
4274,2008-09-03,Quarta-feira,MC 3º,53,5
4315,2009-01-28,Quarta-feira,MC 4º,53,41
4329,2009-03-18,Quarta-feira,MC 2º,53,14
4329,2009-03-18,Quarta-feira,MC 3º,53,0
4378,2009-09-05,Sábado,MC 1º,53,49
4396,2009-11-07,Sábado,MC 1º,53,18
4406,2009-12-12,Sábado,MC 4º,53,10
4435,2010-03-24,Quarta-feira,MC 1º,53,29
4436,2010-03-27,Sábado,MC 3º,53,1
4479,2010-08-28,Sábado,MC 4º,53,43
4513,2010-12-24,Sexta-feira,MC 4º,53,34
4551,2011-05-07,Sábado,MC 1º,53,38
4569,2011-07-09,Sábado,MC 1º,53,18
4570,2011-07-13,Quarta-feira,MC 5º,53,1
4582,2011-08-24,Quarta-feira,MC 2º,53,12
4602,2011-11-03,Quinta-feira,MC 1º,53,20
4605,2011-11-12,Sábado,MC 3º,53,3
4651,2012-04-20,Sexta-feira,MC 3º,53,46
4658,2012-05-16,Quarta-feira,MC 4º,53,7
4666,2012-06-13,Quarta-feira,MC 2º,53,8
4671,2012-06-30,Sábado,MC 3º,53,5
4693,2012-09-15,Sábado,MC 1º,53,22
4706,2012-10-31,Quarta-feira,MC 3º,53,13
4708,2012-11-07,Quarta-feira,MC 3º,53,2
4742,2013-03-06,Quarta-feira,MC 1º,53,34
4748,2013-03-27,Quarta-feira,MC 5º,53,6
4794,2013-09-04,Quarta-feira,MC 4º,53,46
4796,2013-09-11,Quarta-feira,MC 2º,53,2
4812,2013-11-06,Quarta-feira,MC 1º,53,16
4867,2014-05-17,Sábado,MC 4º,53,55
4870,2014-05-28,Quarta-feira,MC 2º,53,3
4883,2014-07-12,Sábado,MC 2º,53,13
4893,2014-08-16,Sábado,MC 2º,53,10
4896,2014-08-27,Quarta-feira,MC 2º,53,3
4900,2014-09-10,Quarta-feira,MC 1º,53,4
4907,2014-10-04,Sábado,MC 4º,53,7
4960,2015-04-08,Quarta-feira,MC 1º,53,53
4970,2015-05-13,Quarta-feira,MC 2º,53,10
4981,2015-06-20,Sábado,MC 2º,53,11
4994,2015-08-05,Quarta-feira,MC 1º,53,13
5043,2016-01-23,Sábado,MC 5º,53,49
5053,2016-02-27,Sábado,MC 1º,53,10
5070,2016-04-27,Quarta-feira,MC 1º,53,17
5105,2016-08-27,Sábado,MC 5º,53,35
5113,2016-09-24,Sábado,MC 4º,53,8
5143,2017-01-07,Sábado,MC 1º,53,30
5204,2017-08-09,Quarta-feira,MC 4º,53,61
5224,2017-10-18,Quarta-feira,MC 2º,53,20
5230,2017-11-08,Quarta-feira,MC 5º,53,6
5238,2017-12-06,Quarta-feira,MC 1º,53,8
5336,2018-11-14,Quarta-feira,MC 1º,53,98
5362,2019-02-13,Quarta-feira,MC 5º,53,26
5374,2019-03-27,Quarta-feira,MC 3º,53,12
5374,2019-03-27,Quarta-feira,MC 5º,53,0
5380,2019-04-17,Quarta-feira,MC 5º,53,6
5426,2019-09-25,Quarta-feira,MC 2º,53,46
5445,2019-11-30,Sábado,MC 2º,53,19
5468,2020-02-15,Sábado,MC 1º,53,23
5522,2020-12-12,Sábado,MC 4º,53,54
5523,2020-12-16,Quarta-feira,MC 1º,53,1
5533,2021-01-27,Quarta-feira,MC 3º,53,10
5539,2021-02-18,Quinta-feira,MC 2º,53,6
5563,2021-05-19,Quarta-feira,MC 2º,53,24
5590,2021-08-21,Sábado,MC 1º,53,27
5590,2021-08-21,Sábado,MC 5º,53,0
5649,2022-03-26,Sábado,MC 3º,53,59
5650,2022-03-30,Quarta-feira,MC 2º,53,1
5680,2022-07-13,Quarta-feira,MC 4º,53,30
5781,2023-07-12,Quarta-feira,MC 1º,53,101
5805,2023-10-04,Quarta-feira,MC 2º,53,24
5846,2024-03-06,Quarta-feira,MC 1º,53,41
5879,2024-06-29,Sábado,MC 1º,53,33
