Concurso,Data,Dia da Semana,Sorteio,Dezena,Atraso
8,1962-10-17,Quarta-feira,MC 4º,62,8
20,1962-12-01,Sábado,MC 2º,62,12
32,1963-01-16,Quarta-feira,MC 5º,62,12
57,1963-04-20,Sábado,MC 2º,62,25
102,1963-10-02,Quarta-feira,MC 1º,62,45
110,1963-10-30,Quarta-feira,MC 1º,62,8
110,1963-10-30,Quarta-feira,MC 5º,62,0
133,1964-01-29,Quarta-feira,MC 1º,62,23
155,1964-04-22,Quarta-feira,MC 2º,62,22
160,1964-05-09,Sábado,MC 4º,62,5
168,1964-06-06,Sábado,MC 5º,62,8
170,1964-06-13,Sábado,MC 4º,62,2
208,1964-10-28,Quarta-feira,MC 3º,62,38
219,1964-12-05,Sábado,MC 1º,62,11
256,1965-04-28,Quarta-feira,MC 2º,62,37
256,1965-04-28,Quarta-feira,MC 4º,62,0
286,1965-08-14,Sábado,MC 1º,62,30
310,1965-11-06,Sábado,MC 5º,62,24
332,1966-01-29,Sábado,MC 3º,62,22
345,1966-03-19,Sábado,MC 1º,62,13
411,1966-11-12,Sábado,MC 1º,62,66
415,1966-11-26,Sábado,MC 1º,62,4
468,1967-06-03,Sábado,MC 5º,62,53
475,1967-06-28,Quarta-feira,MC 1º,62,7
501,1967-09-27,Quarta-feira,MC 2º,62,26
539,1968-02-10,Sábado,MC 1º,62,38
546,1968-03-09,Sábado,MC 4º,62,7
608,1968-10-19,Sábado,MC 3º,62,62
626,1968-12-28,Sábado,MC 5º,62,18
640,1969-02-22,Sábado,MC 2º,62,14
669,1969-06-07,Sábado,MC 1º,62,29
676,1969-07-02,Quarta-feira,MC 5º,62,7
682,1969-07-23,Quarta-feira,MC 2º,62,6
720,1969-12-06,Sábado,MC 3º,62,38
730,1970-01-17,Sábado,MC 1º,62,10
787,1970-08-12,Quarta-feira,MC 1º,62,57
817,1970-11-25,Quarta-feira,MC 2º,62,30
874,1971-07-07,Quarta-feira,MC 2º,62,57
888,1971-08-28,Sábado,MC 2º,62,14
903,1971-10-23,Sábado,MC 3º,62,15
930,1972-02-26,Sábado,MC 1º,62,27
932,1972-03-08,Quarta-feira,MC 2º,62,2
936,1972-03-22,Quarta-feira,MC 3º,62,4
943,1972-04-22,Sábado,MC 3º,62,7
995,1972-12-06,Quarta-feira,MC 1º,62,52
1002,1973-01-10,Quarta-feira,MC 1º,62,7
1005,1973-01-20,Sábado,MC 1º,62,3
1007,1973-01-31,Quarta-feira,MC 4º,62,2
1009,1973-02-07,Quarta-feira,MC 5º,62,2
1030,1973-05-09,Quarta-feira,MC 5º,62,21
1058,1973-08-18,Sábado,MC 5º,62,28
1060,1973-08-25,Sábado,MC 1º,62,2
1086,1973-11-24,Sábado,MC 5º,62,26
1112,1974-03-06,Quarta-feira,MC 1º,62,26
1147,1974-07-10,Quarta-feira,MC 1º,62,35
1170,1974-10-05,Sábado,MC 2º,62,23
1187,1974-12-07,Sábado,MC 3º,62,17
1238,1975-06-21,Sábado,MC 5º,62,51
1248,1975-07-26,Sábado,MC 3º,62,10
1265,1975-09-27,Sábado,MC 2º,62,17
1297,1976-02-04,Quarta-feira,MC 1º,62,32
1308,1976-03-17,Quarta-feira,MC 3º,62,11
1320,1976-05-08,Sábado,MC 2º,62,12
1343,1976-07-28,Quarta-feira,MC 1º,62,23
1343,1976-07-28,Quarta-feira,MC 3º,62,0
1371,1976-11-13,Sábado,MC 5º,62,28
1383,1976-12-29,Quarta-feira,MC 1º,62,12
1402,1977-03-16,Quarta-feira,MC 1º,62,19
1402,1977-03-16,Quarta-feira,MC 2º,62,0
1405,1977-03-26,Sábado,MC 5º,62,3
1408,1977-04-06,Quarta-feira,MC 3º,62,3
1413,1977-04-27,Quarta-feira,MC 5º,62,5
1429,1977-06-25,Sábado,MC 3º,62,16
1435,1977-07-16,Sábado,MC 2º,62,6
1445,1977-08-24,Quarta-feira,MC 2º,62,10
1454,1977-09-28,Quarta-feira,MC 4º,62,9
1466,1977-11-19,Sábado,MC 3º,62,12
1478,1978-01-04,Quarta-feira,MC 5º,62,12
1479,1978-01-07,Sábado,MC 5º,62,1
1486,1978-02-04,Sábado,MC 1º,62,7
1492,1978-03-01,Quarta-feira,MC 4º,62,6
1494,1978-03-08,Quarta-feira,MC 1º,62,2
1501,1978-04-05,Quarta-feira,MC 2º,62,7
1525,1978-07-05,Quarta-feira,MC 2º,62,24
1569,1978-12-20,Quarta-feira,MC 5º,62,44
1595,1979-03-31,Sábado,MC 1º,62,26
1600,1979-04-25,Quarta-feira,MC 2º,62,5
1650,1979-11-07,Quarta-feira,MC 4º,62,50
1659,1979-12-12,Quarta-feira,MC 1º,62,9
1667,1980-01-19,Sábado,MC 5º,62,8
1687,1980-04-09,Quarta-feira,MC 2º,62,20
1688,1980-04-12,Sábado,MC 3º,62,1
1718,1980-08-06,Quarta-feira,MC 5º,62,30
1777,1981-03-18,Quarta-feira,MC 5º,62,59
1792,1981-05-27,Quarta-feira,MC 3º,62,15
1793,1981-05-30,Sábado,MC 1º,62,1
1804,1981-07-08,Quarta-feira,MC 4º,62,11
1813,1981-08-12,Quarta-feira,MC 3º,62,9
1826,1981-09-26,Sábado,MC 1º,62,13
1851,1982-01-06,Quarta-feira,MC 5º,62,25
1860,1982-02-06,Sábado,MC 4º,62,9
1864,1982-02-20,Sábado,MC 5º,62,4
1867,1982-03-06,Sábado,MC 2º,62,3
1888,1982-06-05,Sábado,MC 4º,62,21
1901,1982-07-21,Quarta-feira,MC 2º,62,13
1904,1982-08-04,Quarta-feira,MC 2º,62,3
1963,1983-03-26,Sábado,MC 1º,62,59
1977,1983-05-18,Quarta-feira,MC 2º,62,14
2014,1983-10-01,Sábado,MC 2º,62,37
2022,1983-11-12,Sábado,MC 2º,62,8
2069,1984-05-19,Sábado,MC 4º,62,47
2098,1984-09-05,Quarta-feira,MC 4º,62,29
2108,1984-10-20,Sábado,MC 2º,62,10
2111,1984-10-31,Quarta-feira,MC 4º,62,3
2132,1985-01-30,Quarta-feira,MC 3º,62,21
2169,1985-06-22,Sábado,MC 1º,62,37
2202,1985-10-19,Sábado,MC 2º,62,33
2210,1985-11-23,Sábado,MC 5º,62,8
2266,1986-07-02,Quarta-feira,MC 4º,62,56
2270,1986-07-16,Quarta-feira,MC 4º,62,4
2277,1986-08-09,Sábado,MC 4º,62,7
2305,1986-12-06,Sábado,MC 3º,62,28
2345,1987-05-13,Quarta-feira,MC 2º,62,40
2370,1987-08-08,Sábado,MC 5º,62,25
2375,1987-08-26,Quarta-feira,MC 5º,62,5
2383,1987-09-30,Quarta-feira,MC 2º,62,8
2427,1988-03-23,Quarta-feira,MC 5º,62,44
2445,1988-06-08,Quarta-feira,MC 5º,62,18
2475,1988-09-24,Sábado,MC 1º,62,30
2530,1989-05-10,Quarta-feira,MC 1º,62,55
2541,1989-06-24,Sábado,MC 1º,62,11
2560,1989-09-02,Sábado,MC 1º,62,19
2576,1989-11-11,Sábado,MC 1º,62,16
2577,1989-11-19,Domingo,MC 5º,62,1
2612,1990-05-05,Sábado,MC 5º,62,35
2657,1990-10-31,Quarta-feira,MC 1º,62,45
2665,1990-12-05,Quarta-feira,MC 1º,62,8
2698,1991-04-17,Quarta-feira,MC 3º,62,33
2700,1991-04-24,Quarta-feira,MC 2º,62,2
2741,1991-09-29,Domingo,MC 1º,62,41
2750,1991-11-09,Sábado,MC 4º,62,9
2787,1992-04-05,Domingo,MC 2º,62,37
2795,1992-05-13,Quarta-feira,MC 5º,62,8
2797,1992-05-20,Quarta-feira,MC 1º,62,2
2797,1992-05-20,Quarta-feira,MC 2º,62,0
2855,1993-07-03,Sábado,MC 5º,62,58
2858,1993-07-24,Sábado,MC 2º,62,3
2864,1993-09-04,Sábado,MC 1º,62,6
2878,1993-11-20,Sábado,MC 2º,62,14
2905,1994-03-12,Sábado,MC 2º,62,27
2919,1994-05-07,Sábado,MC 5º,62,14
2928,1994-06-15,Quarta-feira,MC 3º,62,9
2980,1995-01-14,Sábado,MC 5º,62,52
2981,1995-01-18,Quarta-feira,MC 2º,62,1
2994,1995-03-11,Sábado,MC 2º,62,13
3025,1995-07-26,Quarta-feira,MC 5º,62,31
3051,1995-11-11,Sábado,MC 2º,62,26
3067,1996-01-20,Sábado,MC 4º,62,16
3091,1996-05-04,Sábado,MC 4º,62,24
3093,1996-05-11,Sábado,MC 1º,62,2
3104,1996-06-26,Quarta-feira,MC 5º,62,11
3134,1996-10-26,Sábado,MC 2º,62,30
3165,1997-03-15,Sábado,MC 3º,62,31
3178,1997-05-10,Sábado,MC 2º,62,13
3189,1997-06-25,Quarta-feira,MC 3º,62,11
3200,1997-08-06,Quarta-feira,MC 5º,62,11
3247,1998-02-04,Quarta-feira,MC 3º,62,47
3255,1998-03-07,Sábado,MC 3º,62,8
3292,1998-08-08,Sábado,MC 5º,62,37
3301,1998-09-12,Sábado,MC 1º,62,9
3303,1998-09-19,Sábado,MC 1º,62,2
3313,1998-10-28,Quarta-feira,MC 4º,62,10
3326,1998-12-16,Quarta-feira,MC 4º,62,13
3337,1999-02-03,Quarta-feira,MC 2º,62,11
3437,2000-03-01,Quarta-feira,MC 4º,62,100
3443,2000-03-25,Sábado,MC 2º,62,6
3492,2000-09-30,Sábado,MC 2º,62,49
3527,2001-02-21,Quarta-feira,MC 2º,62,35
3530,2001-03-07,Quarta-feira,MC 2º,62,3
3552,2001-06-02,Sábado,MC 1º,62,22
3582,2001-09-26,Quarta-feira,MC 2º,62,30
3624,2002-03-16,Sábado,MC 4º,62,42
3647,2002-06-15,Sábado,MC 2º,62,23
3667,2002-08-28,Quarta-feira,MC 2º,62,20
3691,2002-12-04,Quarta-feira,MC 5º,62,24
3698,2003-01-04,Sábado,MC 3º,62,7
3710,2003-02-15,Sábado,MC 4º,62,12
3757,2003-08-06,Quarta-feira,MC 1º,62,47
3757,2003-08-06,Quarta-feira,MC 2º,62,0
3853,2004-07-28,Quarta-feira,MC 5º,62,96
3860,2004-08-21,Sábado,MC 4º,62,7
3878,2004-10-23,Sábado,MC 4º,62,18
3920,2005-03-26,Sábado,MC 3º,62,42
3921,2005-03-30,Quarta-feira,MC 4º,62,1
3921,2005-03-30,Quarta-feira,MC 5º,62,0
3940,2005-06-04,Sábado,MC 5º,62,19
3953,2005-07-20,Quarta-feira,MC 3º,62,13
3995,2005-12-24,Sábado,MC 4º,62,42
4030,2006-04-26,Quarta-feira,MC 1º,62,35
4068,2006-09-06,Quarta-feira,MC 2º,62,38
4073,2006-09-23,Sábado,MC 3º,62,5
4096,2006-12-16,Sábado,MC 2º,62,23
4105,2007-01-17,Quarta-feira,MC 1º,62,9
4150,2007-06-27,Quarta-feira,MC 2º,62,45
4159,2007-07-28,Sábado,MC 1º,62,9
4192,2007-11-21,Quarta-feira,MC 2º,62,33
4196,2007-12-05,Quarta-feira,MC 1º,62,4
4216,2008-02-13,Quarta-feira,MC 2º,62,20
4225,2008-03-15,Sábado,MC 5º,62,9
4237,2008-04-26,Sábado,MC 3º,62,12
4291,2008-11-01,Sábado,MC 3º,62,54
4305,2008-12-24,Quarta-feira,MC 2º,62,14
4305,2008-12-24,Quarta-feira,MC 4º,62,0
4374,2009-08-22,Sábado,MC 3º,62,69
4384,2009-09-26,Sábado,MC 3º,62,10
4407,2009-12-16,Quarta-feira,MC 5º,62,23
4439,2010-04-07,Quarta-feira,MC 3º,62,32
4445,2010-04-28,Quarta-feira,MC 3º,62,6
4453,2010-05-29,Sábado,MC 4º,62,8
4499,2010-11-06,Sábado,MC 5º,62,46
4511,2010-12-18,Sábado,MC 5º,62,12
4512,2010-12-22,Quarta-feira,MC 2º,62,1
4574,2011-07-27,Quarta-feira,MC 4º,62,62
4601,2011-10-29,Sábado,MC 1º,62,27
4642,2012-03-21,Quarta-feira,MC 3º,62,41
4644,2012-03-28,Quarta-feira,MC 3º,62,2
4710,2012-11-14,Quarta-feira,MC 1º,62,66
4719,2012-12-15,Sábado,MC 3º,62,9
4751,2013-04-06,Sábado,MC 5º,62,32
4753,2013-04-13,Sábado,MC 1º,62,2
4757,2013-04-27,Sábado,MC 2º,62,4
4784,2013-07-31,Quarta-feira,MC 5º,62,27
4794,2013-09-04,Quarta-feira,MC 3º,62,10
4822,2013-12-11,Quarta-feira,MC 5º,62,28
4842,2014-02-19,Quarta-feira,MC 4º,62,20
4856,2014-04-09,Quarta-feira,MC 1º,62,14
4881,2014-07-05,Sábado,MC 2º,62,25
4886,2014-07-23,Quarta-feira,MC 5º,62,5
4898,2014-09-03,Quarta-feira,MC 5º,62,12
4922,2014-11-26,Quarta-feira,MC 3º,62,24
4946,2015-02-18,Quarta-feira,MC 4º,62,24
4957,2015-03-28,Sábado,MC 5º,62,11
4961,2015-04-11,Sábado,MC 3º,62,4
4961,2015-04-11,Sábado,MC 4º,62,0
4974,2015-05-27,Quarta-feira,MC 4º,62,13
4988,2015-07-15,Quarta-feira,MC 3º,62,14
5022,2015-11-11,Quarta-feira,MC 2º,62,34
5041,2016-01-16,Sábado,MC 5º,62,19
5049,2016-02-13,Sábado,MC 5º,62,8
5077,2016-05-21,Sábado,MC 5º,62,28
5079,2016-05-28,Sábado,MC 2º,62,2
5092,2016-07-13,Quarta-feira,MC 2º,62,13
5126,2016-11-09,Quarta-feira,MC 3º,62,34
5150,2017-02-01,Quarta-feira,MC 1º,62,24
5153,2017-02-11,Sábado,MC 5º,62,3
5211,2017-09-02,Sábado,MC 1º,62,58
5219,2017-09-30,Sábado,MC 3º,62,8
5262,2018-02-28,Quarta-feira,MC 4º,62,43
5307,2018-08-04,Sábado,MC 5º,62,45
5311,2018-08-18,Sábado,MC 5º,62,4
5312,2018-08-22,Quarta-feira,MC 1º,62,1
5364,2019-02-20,Quarta-feira,MC 4º,62,52
5375,2019-03-30,Sábado,MC 1º,62,11
5383,2019-04-27,Sábado,MC 4º,62,8
5390,2019-05-22,Quarta-feira,MC 4º,62,7
5415,2019-08-17,Sábado,MC 2º,62,25
5418,2019-08-28,Quarta-feira,MC 2º,62,3
5429,2019-10-05,Sábado,MC 1º,62,11
5436,2019-10-30,Quarta-feira,MC 1º,62,7
5445,2019-11-30,Sábado,MC 3º,62,9
5456,2020-01-04,Sábado,MC 1º,62,11
5527,2021-01-06,Quarta-feira,MC 2º,62,71
5536,2021-02-06,Sábado,MC 2º,62,9
5564,2021-05-22,Sábado,MC 2º,62,28
5575,2021-06-30,Quarta-feira,MC 5º,62,11
5583,2021-07-28,Quarta-feira,MC 1º,62,8
5595,2021-09-08,Quarta-feira,MC 3º,62,12
5650,2022-03-30,Quarta-feira,MC 5º,62,55
5660,2022-05-04,Quarta-feira,MC 5º,62,10
5722,2022-12-07,Quarta-feira,MC 3º,62,62
5743,2023-03-01,Quarta-feira,MC 1º,62,21
5763,2023-05-10,Quarta-feira,MC 4º,62,20
5764,2023-05-13,Sábado,MC 2º,62,1
5773,2023-06-14,Quarta-feira,MC 3º,62,9
5796,2023-09-02,Sábado,MC 3º,62,23
5807,2023-10-11,Quarta-feira,MC 1º,62,11
5824,2023-12-09,Sábado,MC 5º,62,17
5829,2024-01-03,Quarta-feira,MC 5º,62,5
5852,2024-03-27,Quarta-feira,MC 2º,62,23
5854,2024-04-03,Quarta-feira,MC 4º,62,2
5886,2024-07-24,Quarta-feira,MC 1º,62,32
5887,2024-07-27,Sábado,MC 5º,62,1
