Concurso,Data,Dia da Semana,Sorteio,Dezena,Atraso
16,1962-11-17,Sábado,MC 4º,97,16
56,1963-04-17,Quarta-feira,MC 5º,97,40
76,1963-06-29,Sábado,MC 1º,97,20
78,1963-07-06,Sábado,MC 4º,97,2
88,1963-08-10,Sábado,MC 4º,97,10
90,1963-08-17,Sábado,MC 5º,97,2
98,1963-09-18,Quarta-feira,MC 2º,97,8
122,1963-12-14,Sábado,MC 5º,97,24
125,1963-12-28,Sábado,MC 2º,97,3
160,1964-05-09,Sábado,MC 1º,97,35
168,1964-06-06,Sábado,MC 4º,97,8
202,1964-10-07,Quarta-feira,MC 1º,97,34
230,1965-01-16,Sábado,MC 3º,97,28
252,1965-04-10,Sábado,MC 4º,97,22
283,1965-08-04,Quarta-feira,MC 4º,97,31
373,1966-06-25,Sábado,MC 3º,97,90
386,1966-08-10,Quarta-feira,MC 4º,97,13
428,1967-01-11,Quarta-feira,MC 5º,97,42
455,1967-04-19,Quarta-feira,MC 5º,97,27
463,1967-05-17,Quarta-feira,MC 5º,97,8
476,1967-07-01,Sábado,MC 5º,97,13
519,1967-12-02,Sábado,MC 2º,97,43
531,1968-01-13,Sábado,MC 2º,97,12
553,1968-04-03,Quarta-feira,MC 4º,97,22
617,1968-11-23,Sábado,MC 1º,97,64
623,1968-12-14,Sábado,MC 3º,97,6
705,1969-10-11,Sábado,MC 4º,97,82
708,1969-10-22,Quarta-feira,MC 4º,97,3
723,1969-12-17,Quarta-feira,MC 4º,97,15
792,1970-08-29,Sábado,MC 4º,97,69
828,1971-01-09,Sábado,MC 2º,97,36
848,1971-03-27,Sábado,MC 1º,97,20
867,1971-06-12,Sábado,MC 3º,97,19
870,1971-06-23,Quarta-feira,MC 2º,97,3
892,1971-09-15,Quarta-feira,MC 2º,97,22
902,1971-10-20,Quarta-feira,MC 1º,97,10
911,1971-11-27,Sábado,MC 3º,97,9
918,1971-12-29,Quarta-feira,MC 4º,97,7
928,1972-02-19,Sábado,MC 3º,97,10
928,1972-02-19,Sábado,MC 4º,97,0
940,1972-04-08,Sábado,MC 2º,97,12
991,1972-11-22,Quarta-feira,MC 5º,97,51
1028,1973-05-02,Quarta-feira,MC 4º,97,37
1036,1973-05-30,Quarta-feira,MC 5º,97,8
1041,1973-06-16,Sábado,MC 4º,97,5
1049,1973-07-14,Sábado,MC 5º,97,8
1052,1973-07-25,Quarta-feira,MC 5º,97,3
1060,1973-08-25,Sábado,MC 5º,97,8
1069,1973-09-26,Quarta-feira,MC 2º,97,9
1078,1973-10-27,Sábado,MC 3º,97,9
1092,1973-12-15,Sábado,MC 5º,97,14
1103,1974-01-30,Quarta-feira,MC 4º,97,11
1115,1974-03-16,Sábado,MC 5º,97,12
1153,1974-07-31,Quarta-feira,MC 5º,97,38
1165,1974-09-18,Quarta-feira,MC 4º,97,12
1169,1974-10-02,Quarta-feira,MC 2º,97,4
1256,1975-08-27,Quarta-feira,MC 2º,97,87
1267,1975-10-04,Sábado,MC 3º,97,11
1276,1975-11-05,Quarta-feira,MC 3º,97,9
1278,1975-11-19,Quarta-feira,MC 1º,97,2
1280,1975-11-26,Quarta-feira,MC 1º,97,2
1283,1975-12-06,Sábado,MC 3º,97,3
1289,1975-12-31,Quarta-feira,MC 2º,97,6
1323,1976-05-19,Quarta-feira,MC 3º,97,34
1324,1976-05-22,Sábado,MC 3º,97,1
1332,1976-06-19,Sábado,MC 4º,97,8
1332,1976-06-19,Sábado,MC 5º,97,0
1392,1977-02-05,Sábado,MC 5º,97,60
1398,1977-03-02,Quarta-feira,MC 5º,97,6
1405,1977-03-26,Sábado,MC 2º,97,7
1412,1977-04-23,Sábado,MC 3º,97,7
1417,1977-05-14,Sábado,MC 3º,97,5
1418,1977-05-18,Quarta-feira,MC 3º,97,1
1429,1977-06-25,Sábado,MC 2º,97,11
1443,1977-08-17,Quarta-feira,MC 5º,97,14
1444,1977-08-20,Sábado,MC 5º,97,1
1480,1978-01-11,Quarta-feira,MC 4º,97,36
1510,1978-05-13,Sábado,MC 4º,97,30
1519,1978-06-14,Quarta-feira,MC 5º,97,9
1531,1978-07-26,Quarta-feira,MC 1º,97,12
1536,1978-08-16,Quarta-feira,MC 1º,97,5
1567,1978-12-13,Quarta-feira,MC 2º,97,31
1594,1979-03-28,Quarta-feira,MC 5º,97,27
1600,1979-04-25,Quarta-feira,MC 5º,97,6
1602,1979-05-09,Quarta-feira,MC 1º,97,2
1622,1979-07-18,Quarta-feira,MC 1º,97,20
1637,1979-09-15,Sábado,MC 4º,97,15
1639,1979-09-22,Sábado,MC 2º,97,2
1658,1979-12-08,Sábado,MC 3º,97,19
1674,1980-02-16,Sábado,MC 4º,97,16
1700,1980-05-31,Sábado,MC 3º,97,26
1712,1980-07-12,Sábado,MC 3º,97,12
1738,1980-10-18,Sábado,MC 3º,97,26
1754,1980-12-17,Quarta-feira,MC 1º,97,16
1769,1981-02-14,Sábado,MC 3º,97,15
1770,1981-02-18,Quarta-feira,MC 5º,97,1
1774,1981-03-07,Sábado,MC 2º,97,4
1785,1981-04-25,Sábado,MC 4º,97,11
1810,1981-06-29,Segunda-feira,MC 1º,97,25
1836,1981-11-04,Quarta-feira,MC 2º,97,26
1842,1981-11-28,Sábado,MC 5º,97,6
1843,1981-12-02,Quarta-feira,MC 2º,97,1
1865,1982-02-27,Sábado,MC 3º,97,22
1901,1982-07-21,Quarta-feira,MC 5º,97,36
1905,1982-08-07,Sábado,MC 5º,97,4
1906,1982-08-11,Quarta-feira,MC 4º,97,1
1931,1982-11-20,Sábado,MC 5º,97,25
1954,1983-02-19,Sábado,MC 2º,97,23
1971,1983-04-23,Sábado,MC 2º,97,17
1974,1983-05-07,Sábado,MC 1º,97,3
2014,1983-10-01,Sábado,MC 4º,97,40
2038,1984-01-14,Sábado,MC 3º,97,24
2041,1984-01-25,Quarta-feira,MC 3º,97,3
2052,1984-03-03,Sábado,MC 5º,97,11
2059,1984-04-04,Quarta-feira,MC 3º,97,7
2064,1984-04-25,Quarta-feira,MC 1º,97,5
2113,1984-11-14,Quarta-feira,MC 5º,97,49
2115,1984-11-24,Sábado,MC 5º,97,2
2205,1985-10-30,Quarta-feira,MC 4º,97,90
2207,1985-11-10,Domingo,MC 4º,97,2
2225,1986-01-22,Quarta-feira,MC 1º,97,18
2254,1986-05-17,Sábado,MC 3º,97,29
2258,1986-06-04,Quarta-feira,MC 5º,97,4
2260,1986-06-11,Quarta-feira,MC 5º,97,2
2268,1986-07-09,Quarta-feira,MC 3º,97,8
2274,1986-07-30,Quarta-feira,MC 3º,97,6
2300,1986-11-19,Quarta-feira,MC 5º,97,26
2308,1986-12-17,Quarta-feira,MC 2º,97,8
2327,1987-03-07,Sábado,MC 4º,97,19
2354,1987-06-13,Sábado,MC 3º,97,27
2358,1987-06-27,Sábado,MC 5º,97,4
2420,1988-02-27,Sábado,MC 4º,97,62
2478,1988-10-05,Quarta-feira,MC 2º,97,58
2501,1989-01-14,Sábado,MC 4º,97,23
2521,1989-04-01,Sábado,MC 1º,97,20
2526,1989-04-22,Sábado,MC 1º,97,5
2559,1989-08-30,Quarta-feira,MC 5º,97,33
2573,1989-10-25,Quarta-feira,MC 1º,97,14
2601,1990-03-10,Sábado,MC 3º,97,28
2635,1990-08-04,Sábado,MC 2º,97,34
2644,1990-09-05,Quarta-feira,MC 1º,97,9
2669,1990-12-22,Sábado,MC 4º,97,25
2683,1991-02-20,Quarta-feira,MC 3º,97,14
2696,1991-04-10,Quarta-feira,MC 1º,97,13
2724,1991-07-31,Quarta-feira,MC 5º,97,28
2784,1992-03-25,Quarta-feira,MC 3º,97,60
2800,1992-05-30,Sábado,MC 2º,97,16
2860,1993-08-07,Sábado,MC 2º,97,60
2862,1993-08-21,Sábado,MC 5º,97,2
2874,1993-10-30,Sábado,MC 5º,97,12
2888,1994-01-08,Sábado,MC 5º,97,14
2898,1994-02-12,Sábado,MC 4º,97,10
2912,1994-04-09,Sábado,MC 4º,97,14
2959,1994-10-15,Sábado,MC 2º,97,47
2962,1994-10-26,Quarta-feira,MC 2º,97,3
2972,1994-12-07,Quarta-feira,MC 2º,97,10
2979,1995-01-11,Quarta-feira,MC 3º,97,7
3010,1995-05-24,Quarta-feira,MC 5º,97,31
3030,1995-08-12,Sábado,MC 4º,97,20
3072,1996-02-10,Sábado,MC 5º,97,42
3194,1997-07-12,Sábado,MC 1º,97,122
3254,1998-03-04,Quarta-feira,MC 5º,97,60
3276,1998-06-03,Quarta-feira,MC 4º,97,22
3286,1998-07-15,Quarta-feira,MC 5º,97,10
3311,1998-10-21,Quarta-feira,MC 5º,97,25
3387,1999-08-14,Sábado,MC 3º,97,76
3396,1999-09-18,Sábado,MC 4º,97,9
3436,2000-02-26,Sábado,MC 2º,97,40
3445,2000-04-01,Sábado,MC 4º,97,9
3448,2000-04-12,Quarta-feira,MC 3º,97,3
3478,2000-08-09,Quarta-feira,MC 5º,97,30
3528,2001-02-24,Sábado,MC 2º,97,50
3539,2001-04-07,Sábado,MC 1º,97,11
3565,2001-07-25,Quarta-feira,MC 2º,97,26
3588,2001-10-20,Sábado,MC 2º,97,23
3589,2001-10-24,Quarta-feira,MC 3º,97,1
3609,2002-01-19,Sábado,MC 2º,97,20
3618,2002-02-23,Sábado,MC 3º,97,9
3630,2002-04-10,Quarta-feira,MC 4º,97,12
3638,2002-05-11,Sábado,MC 3º,97,8
3643,2002-06-01,Sábado,MC 1º,97,5
3680,2002-10-23,Quarta-feira,MC 2º,97,37
3680,2002-10-23,Quarta-feira,MC 3º,97,0
3696,2002-12-21,Sábado,MC 3º,97,16
3699,2003-01-08,Quarta-feira,MC 5º,97,3
3708,2003-02-08,Sábado,MC 4º,97,9
3728,2003-04-26,Sábado,MC 1º,97,20
3733,2003-05-14,Quarta-feira,MC 3º,97,5
3779,2003-10-22,Quarta-feira,MC 3º,97,46
3788,2003-11-26,Quarta-feira,MC 5º,97,9
3789,2003-11-29,Sábado,MC 1º,97,1
3810,2004-02-18,Quarta-feira,MC 1º,97,21
3835,2004-05-26,Quarta-feira,MC 5º,97,25
3882,2004-11-06,Sábado,MC 4º,97,47
3892,2004-12-11,Sábado,MC 3º,97,10
3894,2004-12-18,Sábado,MC 3º,97,2
3926,2005-04-16,Sábado,MC 4º,97,32
3973,2005-10-01,Sábado,MC 3º,97,47
3987,2005-11-26,Sábado,MC 1º,97,14
4025,2006-04-08,Sábado,MC 2º,97,38
4065,2006-08-26,Sábado,MC 1º,97,40
4071,2006-09-16,Sábado,MC 4º,97,6
4083,2006-10-28,Sábado,MC 4º,97,12
4113,2007-02-14,Quarta-feira,MC 5º,97,30
4136,2007-05-09,Quarta-feira,MC 4º,97,23
4140,2007-05-23,Quarta-feira,MC 3º,97,4
4175,2007-09-22,Sábado,MC 4º,97,35
4177,2007-09-29,Sábado,MC 5º,97,2
4200,2007-12-19,Quarta-feira,MC 4º,97,23
4226,2008-03-19,Quarta-feira,MC 3º,97,26
4249,2008-06-07,Sábado,MC 1º,97,23
4253,2008-06-21,Sábado,MC 2º,97,4
4289,2008-10-25,Sábado,MC 4º,97,36
4311,2009-01-14,Quarta-feira,MC 1º,97,22
4315,2009-01-28,Quarta-feira,MC 3º,97,4
4335,2009-04-08,Quarta-feira,MC 1º,97,20
4359,2009-07-01,Quarta-feira,MC 1º,97,24
4390,2009-10-17,Sábado,MC 2º,97,31
4391,2009-10-21,Quarta-feira,MC 4º,97,1
4419,2010-01-27,Quarta-feira,MC 4º,97,28
4421,2010-02-03,Quarta-feira,MC 1º,97,2
4422,2010-02-06,Sábado,MC 2º,97,1
4439,2010-04-07,Quarta-feira,MC 5º,97,17
4444,2010-04-24,Sábado,MC 2º,97,5
4452,2010-05-26,Quarta-feira,MC 5º,97,8
4557,2011-05-28,Sábado,MC 1º,97,105
4648,2012-04-11,Quarta-feira,MC 4º,97,91
4652,2012-04-25,Quarta-feira,MC 2º,97,4
4664,2012-06-06,Quarta-feira,MC 4º,97,12
4667,2012-06-16,Sábado,MC 5º,97,3
4668,2012-06-20,Quarta-feira,MC 5º,97,1
4672,2012-07-04,Quarta-feira,MC 2º,97,4
4691,2012-09-08,Sábado,MC 2º,97,19
4694,2012-09-19,Quarta-feira,MC 3º,97,3
4710,2012-11-14,Quarta-feira,MC 4º,97,16
4712,2012-11-21,Quarta-feira,MC 1º,97,2
4720,2012-12-19,Quarta-feira,MC 1º,97,8
4730,2013-01-23,Quarta-feira,MC 3º,97,10
4752,2013-04-10,Quarta-feira,MC 1º,97,22
4791,2013-08-24,Sábado,MC 3º,97,39
4832,2014-01-15,Quarta-feira,MC 3º,97,41
4924,2014-12-03,Quarta-feira,MC 4º,97,92
4937,2015-01-17,Sábado,MC 1º,97,13
4966,2015-04-29,Quarta-feira,MC 5º,97,29
5005,2015-09-12,Sábado,MC 4º,97,39
5035,2015-12-24,Quinta-feira,MC 3º,97,30
5062,2016-03-30,Quarta-feira,MC 3º,97,27
5067,2016-04-16,Sábado,MC 5º,97,5
5072,2016-05-04,Quarta-feira,MC 2º,97,5
5086,2016-06-22,Quarta-feira,MC 1º,97,14
5098,2016-08-03,Quarta-feira,MC 1º,97,12
5100,2016-08-10,Quarta-feira,MC 2º,97,2
5107,2016-09-03,Sábado,MC 2º,97,7
5111,2016-09-17,Sábado,MC 5º,97,4
5186,2017-06-07,Quarta-feira,MC 3º,97,75
5193,2017-07-01,Sábado,MC 4º,97,7
5209,2017-08-26,Sábado,MC 2º,97,16
5229,2017-11-04,Sábado,MC 5º,97,20
5258,2018-02-15,Quinta-feira,MC 1º,97,29
5314,2018-08-29,Quarta-feira,MC 3º,97,56
5344,2018-12-12,Quarta-feira,MC 3º,97,30
5358,2019-01-30,Quarta-feira,MC 2º,97,14
5425,2019-09-21,Sábado,MC 3º,97,67
5436,2019-10-30,Quarta-feira,MC 3º,97,11
5439,2019-11-09,Sábado,MC 1º,97,3
5443,2019-11-23,Sábado,MC 1º,97,4
5484,2020-08-15,Sábado,MC 3º,97,41
5549,2021-03-24,Quarta-feira,MC 4º,97,65
5557,2021-04-24,Sábado,MC 2º,97,8
5593,2021-09-01,Quarta-feira,MC 1º,97,36
5606,2021-10-16,Sábado,MC 5º,97,13
5618,2021-12-01,Quarta-feira,MC 4º,97,12
5626,2021-12-31,Sexta-feira,MC 2º,97,8
5675,2022-06-25,Sábado,MC 5º,97,49
5680,2022-07-13,Quarta-feira,MC 5º,97,5
5685,2022-07-30,Sábado,MC 1º,97,5
5726,2022-12-24,Sábado,MC 4º,97,41
5761,2023-05-03,Quarta-feira,MC 2º,97,35
5764,2023-05-13,Sábado,MC 5º,97,3
5768,2023-05-27,Sábado,MC 1º,97,4
5787,2023-08-02,Quarta-feira,MC 3º,97,19
5811,2023-10-25,Quarta-feira,MC 2º,97,24
5851,2024-03-23,Sábado,MC 1º,97,40
5868,2024-05-22,Quarta-feira,MC 5º,97,17
5891,2024-08-10,Sábado,MC 1º,97,23
5891,2024-08-10,Sábado,MC 4º,97,0
