Concurso,Data,Dia da Semana,Sorteio,Dezena,Atraso
2,1962-09-22,Sábado,MC 1º,33,2
24,1962-12-19,Quarta-feira,MC 2º,33,22
30,1963-01-09,Quarta-feira,MC 2º,33,6
45,1963-03-06,Quarta-feira,MC 4º,33,15
117,1963-11-27,Quarta-feira,MC 1º,33,72
124,1963-12-21,Sábado,MC 3º,33,7
130,1964-01-18,Sábado,MC 2º,33,6
147,1964-03-21,Sábado,MC 3º,33,17
205,1964-10-17,Sábado,MC 2º,33,58
212,1964-11-11,Quarta-feira,MC 3º,33,7
271,1965-06-23,Quarta-feira,MC 5º,33,59
294,1965-09-11,Sábado,MC 1º,33,23
342,1966-03-09,Quarta-feira,MC 2º,33,48
360,1966-05-11,Quarta-feira,MC 1º,33,18
362,1966-05-18,Quarta-feira,MC 4º,33,2
397,1966-09-21,Quarta-feira,MC 1º,33,35
480,1967-07-15,Sábado,MC 2º,33,83
486,1967-08-05,Sábado,MC 3º,33,6
534,1968-01-24,Quarta-feira,MC 1º,33,48
545,1968-03-06,Quarta-feira,MC 1º,33,11
551,1968-03-27,Quarta-feira,MC 3º,33,6
583,1968-07-20,Sábado,MC 2º,33,32
631,1969-01-18,Sábado,MC 5º,33,48
670,1969-06-11,Quarta-feira,MC 3º,33,39
673,1969-06-21,Sábado,MC 3º,33,3
688,1969-08-13,Quarta-feira,MC 2º,33,15
724,1969-12-20,Sábado,MC 5º,33,36
780,1970-07-18,Sábado,MC 2º,33,56
784,1970-08-01,Sábado,MC 2º,33,4
790,1970-08-22,Sábado,MC 5º,33,6
796,1970-09-12,Sábado,MC 3º,33,6
809,1970-10-28,Quarta-feira,MC 2º,33,13
818,1970-11-28,Sábado,MC 3º,33,9
852,1971-04-14,Quarta-feira,MC 1º,33,34
927,1972-02-12,Sábado,MC 5º,33,75
938,1972-03-29,Quarta-feira,MC 5º,33,11
943,1972-04-22,Sábado,MC 2º,33,5
960,1972-07-01,Sábado,MC 5º,33,17
1002,1973-01-10,Quarta-feira,MC 5º,33,42
1151,1974-07-24,Quarta-feira,MC 2º,33,149
1157,1974-08-17,Sábado,MC 5º,33,6
1168,1974-09-28,Sábado,MC 1º,33,11
1199,1975-01-25,Sábado,MC 3º,33,31
1206,1975-02-22,Sábado,MC 2º,33,7
1240,1975-06-28,Sábado,MC 5º,33,34
1284,1975-12-10,Quarta-feira,MC 4º,33,44
1300,1976-02-14,Sábado,MC 5º,33,16
1385,1977-01-08,Sábado,MC 4º,33,85
1442,1977-08-13,Sábado,MC 5º,33,57
1450,1977-09-14,Quarta-feira,MC 5º,33,8
1474,1977-12-17,Sábado,MC 3º,33,24
1475,1977-12-21,Quarta-feira,MC 1º,33,1
1492,1978-03-01,Quarta-feira,MC 3º,33,17
1499,1978-03-29,Quarta-feira,MC 1º,33,7
1514,1978-05-27,Sábado,MC 3º,33,15
1533,1978-08-02,Quarta-feira,MC 5º,33,19
1542,1978-09-06,Quarta-feira,MC 1º,33,9
1557,1978-11-01,Quarta-feira,MC 4º,33,15
1565,1978-12-06,Quarta-feira,MC 2º,33,8
1579,1979-01-27,Sábado,MC 5º,33,14
1672,1980-02-09,Sábado,MC 5º,33,93
1683,1980-03-22,Sábado,MC 4º,33,11
1696,1980-05-14,Quarta-feira,MC 3º,33,13
1702,1980-06-07,Sábado,MC 4º,33,6
1704,1980-06-14,Sábado,MC 3º,33,2
1756,1980-12-24,Quarta-feira,MC 4º,33,52
1759,1981-01-10,Sábado,MC 2º,33,3
1793,1981-05-30,Sábado,MC 5º,33,34
1811,1981-08-05,Quarta-feira,MC 1º,33,18
1839,1981-11-18,Quarta-feira,MC 4º,33,28
1856,1982-01-23,Sábado,MC 4º,33,17
1858,1982-01-30,Sábado,MC 5º,33,2
1859,1982-02-03,Quarta-feira,MC 1º,33,1
1859,1982-02-03,Quarta-feira,MC 4º,33,0
1917,1982-09-22,Quarta-feira,MC 4º,33,58
1935,1982-12-04,Sábado,MC 1º,33,18
1947,1983-01-22,Sábado,MC 5º,33,12
1991,1983-07-06,Quarta-feira,MC 1º,33,44
2004,1983-08-24,Quarta-feira,MC 4º,33,13
2005,1983-08-27,Sábado,MC 1º,33,1
2039,1984-01-18,Quarta-feira,MC 3º,33,34
2063,1984-04-18,Quarta-feira,MC 3º,33,24
2066,1984-05-09,Quarta-feira,MC 4º,33,3
2081,1984-07-04,Quarta-feira,MC 1º,33,15
2106,1984-10-10,Quarta-feira,MC 1º,33,25
2117,1984-12-01,Sábado,MC 4º,33,11
2124,1984-12-29,Sábado,MC 3º,33,7
2124,1984-12-29,Sábado,MC 5º,33,0
2136,1985-02-13,Quarta-feira,MC 5º,33,12
2150,1985-04-10,Quarta-feira,MC 4º,33,14
2155,1985-04-27,Sábado,MC 3º,33,5
2161,1985-05-22,Quarta-feira,MC 3º,33,6
2167,1985-06-15,Sábado,MC 2º,33,6
2203,1985-10-23,Quarta-feira,MC 3º,33,36
2229,1986-02-05,Quarta-feira,MC 3º,33,26
2250,1986-05-04,Domingo,MC 2º,33,21
2268,1986-07-09,Quarta-feira,MC 5º,33,18
2295,1986-10-25,Sábado,MC 2º,33,27
2297,1986-11-01,Sábado,MC 1º,33,2
2305,1986-12-06,Sábado,MC 5º,33,8
2317,1987-01-28,Quarta-feira,MC 1º,33,12
2320,1987-02-07,Sábado,MC 1º,33,3
2332,1987-03-25,Quarta-feira,MC 1º,33,12
2353,1987-06-10,Quarta-feira,MC 5º,33,21
2354,1987-06-13,Sábado,MC 4º,33,1
2413,1988-01-30,Sábado,MC 5º,33,59
2433,1988-04-16,Sábado,MC 5º,33,20
2452,1988-07-02,Sábado,MC 5º,33,19
2465,1988-08-17,Quarta-feira,MC 2º,33,13
2468,1988-08-27,Sábado,MC 5º,33,3
2493,1988-12-07,Quarta-feira,MC 4º,33,25
2518,1989-03-18,Sábado,MC 1º,33,25
2518,1989-03-18,Sábado,MC 3º,33,0
2583,1989-12-09,Sábado,MC 3º,33,65
2601,1990-03-10,Sábado,MC 1º,33,18
2608,1990-04-11,Quarta-feira,MC 4º,33,7
2623,1990-06-16,Sábado,MC 5º,33,15
2626,1990-07-04,Quarta-feira,MC 2º,33,3
2683,1991-02-20,Quarta-feira,MC 1º,33,57
2696,1991-04-10,Quarta-feira,MC 5º,33,13
2720,1991-07-17,Quarta-feira,MC 1º,33,24
2730,1991-08-21,Quarta-feira,MC 4º,33,10
2746,1991-10-23,Quarta-feira,MC 1º,33,16
2774,1992-02-15,Sábado,MC 4º,33,28
2796,1992-05-16,Sábado,MC 4º,33,22
2801,1992-06-06,Sábado,MC 5º,33,5
2806,1992-07-11,Sábado,MC 5º,33,5
2809,1992-08-01,Sábado,MC 3º,33,3
2817,1992-09-26,Sábado,MC 3º,33,8
2827,1992-12-05,Sábado,MC 1º,33,10
2870,1993-10-16,Sábado,MC 2º,33,43
2874,1993-10-30,Sábado,MC 1º,33,4
2907,1994-03-19,Sábado,MC 5º,33,33
2979,1995-01-11,Quarta-feira,MC 4º,33,72
2982,1995-01-21,Sábado,MC 2º,33,3
2999,1995-04-01,Sábado,MC 5º,33,17
3005,1995-05-06,Sábado,MC 3º,33,6
3071,1996-02-03,Sábado,MC 3º,33,66
3087,1996-04-17,Quarta-feira,MC 5º,33,16
3097,1996-05-25,Sábado,MC 1º,33,10
3107,1996-07-06,Sábado,MC 4º,33,10
3162,1997-03-05,Quarta-feira,MC 3º,33,55
3169,1997-04-02,Quarta-feira,MC 3º,33,7
3174,1997-04-19,Sábado,MC 4º,33,5
3183,1997-05-31,Sábado,MC 3º,33,9
3192,1997-07-05,Sábado,MC 4º,33,9
3206,1997-08-27,Quarta-feira,MC 5º,33,14
3216,1997-10-04,Sábado,MC 4º,33,10
3217,1997-10-08,Quarta-feira,MC 5º,33,1
3226,1997-11-08,Sábado,MC 5º,33,9
3233,1997-12-06,Sábado,MC 1º,33,7
3242,1998-01-17,Sábado,MC 4º,33,9
3245,1998-01-28,Quarta-feira,MC 3º,33,3
3247,1998-02-04,Quarta-feira,MC 1º,33,2
3293,1998-08-12,Quarta-feira,MC 1º,33,46
3311,1998-10-21,Quarta-feira,MC 2º,33,18
3327,1998-12-23,Quarta-feira,MC 2º,33,16
3350,1999-03-24,Quarta-feira,MC 3º,33,23
3351,1999-03-27,Sábado,MC 1º,33,1
3356,1999-04-17,Sábado,MC 1º,33,5
3439,2000-03-11,Sábado,MC 1º,33,83
3439,2000-03-11,Sábado,MC 5º,33,0
3441,2000-03-18,Sábado,MC 2º,33,2
3442,2000-03-22,Quarta-feira,MC 1º,33,1
3452,2000-04-29,Sábado,MC 4º,33,10
3453,2000-05-06,Sábado,MC 1º,33,1
3454,2000-05-10,Quarta-feira,MC 4º,33,1
3477,2000-08-05,Sábado,MC 5º,33,23
3479,2000-08-12,Sábado,MC 1º,33,2
3488,2000-09-16,Sábado,MC 5º,33,9
3508,2000-12-06,Quarta-feira,MC 4º,33,20
3514,2001-01-06,Sábado,MC 1º,33,6
3515,2001-01-10,Quarta-feira,MC 3º,33,1
3518,2001-01-20,Sábado,MC 1º,33,3
3579,2001-09-15,Sábado,MC 4º,33,61
3584,2001-10-03,Quarta-feira,MC 5º,33,5
3627,2002-03-30,Sábado,MC 5º,33,43
3630,2002-04-10,Quarta-feira,MC 5º,33,3
3631,2002-04-13,Sábado,MC 2º,33,1
3642,2002-05-25,Sábado,MC 1º,33,11
3693,2002-12-11,Quarta-feira,MC 1º,33,51
3716,2003-03-12,Quarta-feira,MC 4º,33,23
3737,2003-05-28,Quarta-feira,MC 5º,33,21
3740,2003-06-07,Sábado,MC 5º,33,3
3777,2003-10-15,Quarta-feira,MC 5º,33,37
3815,2004-03-10,Quarta-feira,MC 5º,33,38
3832,2004-05-15,Sábado,MC 2º,33,17
3839,2004-06-09,Quarta-feira,MC 3º,33,7
3844,2004-06-26,Sábado,MC 2º,33,5
3883,2004-11-10,Quarta-feira,MC 3º,33,39
3890,2004-12-04,Sábado,MC 5º,33,7
3893,2004-12-15,Quarta-feira,MC 4º,33,3
3900,2005-01-15,Sábado,MC 2º,33,7
3910,2005-02-19,Sábado,MC 5º,33,10
3926,2005-04-16,Sábado,MC 3º,33,16
3930,2005-04-30,Sábado,MC 3º,33,4
3932,2005-05-07,Sábado,MC 2º,33,2
3933,2005-05-11,Quarta-feira,MC 5º,33,1
3938,2005-05-28,Sábado,MC 4º,33,5
3946,2005-06-25,Sábado,MC 4º,33,8
3973,2005-10-01,Sábado,MC 1º,33,27
3989,2005-12-03,Sábado,MC 3º,33,16
3990,2005-12-07,Quarta-feira,MC 1º,33,1
3996,2005-12-28,Quarta-feira,MC 5º,33,6
3997,2005-12-31,Sábado,MC 5º,33,1
4016,2006-03-08,Quarta-feira,MC 3º,33,19
4025,2006-04-08,Sábado,MC 4º,33,9
4065,2006-08-26,Sábado,MC 2º,33,40
4083,2006-10-28,Sábado,MC 1º,33,18
4088,2006-11-18,Sábado,MC 3º,33,5
4090,2006-11-25,Sábado,MC 3º,33,2
4117,2007-02-28,Quarta-feira,MC 5º,33,27
4140,2007-05-23,Quarta-feira,MC 2º,33,23
4149,2007-06-23,Sábado,MC 4º,33,9
4156,2007-07-18,Quarta-feira,MC 1º,33,7
4164,2007-08-15,Quarta-feira,MC 1º,33,8
4179,2007-10-06,Sábado,MC 3º,33,15
4224,2008-03-12,Quarta-feira,MC 2º,33,45
4230,2008-04-02,Quarta-feira,MC 3º,33,6
4248,2008-06-04,Quarta-feira,MC 1º,33,18
4257,2008-07-05,Sábado,MC 1º,33,9
4301,2008-12-10,Quarta-feira,MC 2º,33,44
4360,2009-07-04,Sábado,MC 2º,33,59
4388,2009-10-10,Sábado,MC 1º,33,28
4463,2010-07-03,Sábado,MC 4º,33,75
4470,2010-07-28,Quarta-feira,MC 5º,33,7
4493,2010-10-16,Sábado,MC 2º,33,23
4552,2011-05-11,Quarta-feira,MC 3º,33,59
4567,2011-07-02,Sábado,MC 3º,33,15
4573,2011-07-23,Sábado,MC 3º,33,6
4587,2011-09-10,Sábado,MC 3º,33,14
4610,2011-11-30,Quarta-feira,MC 2º,33,23
4610,2011-11-30,Quarta-feira,MC 5º,33,0
4618,2011-12-28,Quarta-feira,MC 5º,33,8
4690,2012-09-05,Quarta-feira,MC 4º,33,72
4693,2012-09-15,Sábado,MC 5º,33,3
4707,2012-11-03,Sábado,MC 3º,33,14
4753,2013-04-13,Sábado,MC 3º,33,46
4771,2013-06-15,Sábado,MC 1º,33,18
4773,2013-06-22,Sábado,MC 1º,33,2
4776,2013-07-03,Quarta-feira,MC 1º,33,3
4826,2013-12-24,Terça-feira,MC 2º,33,50
4835,2014-01-25,Sábado,MC 4º,33,9
4849,2014-03-15,Sábado,MC 3º,33,14
4851,2014-03-22,Sábado,MC 1º,33,2
4856,2014-04-09,Quarta-feira,MC 2º,33,5
4879,2014-06-28,Sábado,MC 1º,33,23
4937,2015-01-17,Sábado,MC 5º,33,58
4943,2015-02-07,Sábado,MC 4º,33,6
4949,2015-02-28,Sábado,MC 3º,33,6
5035,2015-12-24,Quinta-feira,MC 4º,33,86
5067,2016-04-16,Sábado,MC 3º,33,32
5095,2016-07-23,Sábado,MC 4º,33,28
5117,2016-10-08,Sábado,MC 3º,33,22
5152,2017-02-08,Quarta-feira,MC 5º,33,35
5178,2017-05-10,Quarta-feira,MC 5º,33,26
5192,2017-06-28,Quarta-feira,MC 3º,33,14
5194,2017-07-05,Quarta-feira,MC 2º,33,2
5208,2017-08-23,Quarta-feira,MC 3º,33,14
5220,2017-10-04,Quarta-feira,MC 5º,33,12
5244,2017-12-27,Quarta-feira,MC 5º,33,24
5263,2018-03-03,Sábado,MC 5º,33,19
5275,2018-04-14,Sábado,MC 3º,33,12
5409,2019-07-27,Sábado,MC 5º,33,134
5480,2020-07-18,Sábado,MC 1º,33,71
5511,2020-11-04,Quarta-feira,MC 1º,33,31
5527,2021-01-06,Quarta-feira,MC 1º,33,16
5535,2021-02-03,Quarta-feira,MC 3º,33,8
5554,2021-04-10,Sábado,MC 4º,33,19
5613,2021-11-10,Quarta-feira,MC 2º,33,59
5728,2023-01-04,Quarta-feira,MC 4º,33,115
5780,2023-07-08,Sábado,MC 2º,33,52
5781,2023-07-12,Quarta-feira,MC 3º,33,1
5783,2023-07-19,Quarta-feira,MC 3º,33,2
5827,2023-12-23,Sábado,MC 5º,33,44
5843,2024-02-24,Sábado,MC 1º,33,16
