Concurso,Data,Dia da Semana,Sorteio,Dezena,Atraso
3,1962-09-29,Sábado,MC 1º,77,3
10,1962-10-24,Quarta-feira,MC 2º,77,7
18,1962-11-24,Sábado,MC 1º,77,8
18,1962-11-24,Sábado,MC 4º,77,0
54,1963-04-06,Sábado,MC 2º,77,36
82,1963-07-20,Sábado,MC 1º,77,28
86,1963-08-03,Sábado,MC 2º,77,4
119,1963-12-04,Quarta-feira,MC 3º,77,33
127,1964-01-08,Quarta-feira,MC 2º,77,8
135,1964-02-05,Quarta-feira,MC 5º,77,8
147,1964-03-21,Sábado,MC 4º,77,12
170,1964-06-13,Sábado,MC 1º,77,23
200,1964-09-30,Quarta-feira,MC 5º,77,30
217,1964-11-28,Sábado,MC 1º,77,17
231,1965-01-23,Sábado,MC 1º,77,14
250,1965-04-03,Sábado,MC 2º,77,19
251,1965-04-07,Quarta-feira,MC 4º,77,1
278,1965-07-17,Sábado,MC 3º,77,27
306,1965-10-23,Sábado,MC 4º,77,28
312,1965-11-13,Sábado,MC 1º,77,6
336,1966-02-12,Sábado,MC 2º,77,24
361,1966-05-14,Sábado,MC 3º,77,25
400,1966-10-01,Sábado,MC 5º,77,39
424,1966-12-28,Quarta-feira,MC 5º,77,24
464,1967-05-20,Sábado,MC 4º,77,40
481,1967-07-19,Quarta-feira,MC 5º,77,17
483,1967-07-26,Quarta-feira,MC 5º,77,2
496,1967-09-09,Sábado,MC 2º,77,13
535,1968-01-27,Sábado,MC 2º,77,39
591,1968-08-17,Sábado,MC 3º,77,56
594,1968-08-28,Quarta-feira,MC 1º,77,3
638,1969-02-12,Quarta-feira,MC 3º,77,44
646,1969-03-15,Sábado,MC 1º,77,8
656,1969-04-23,Quarta-feira,MC 5º,77,10
663,1969-05-17,Sábado,MC 1º,77,7
668,1969-06-04,Quarta-feira,MC 1º,77,5
675,1969-06-28,Sábado,MC 1º,77,7
702,1969-10-01,Quarta-feira,MC 2º,77,27
748,1970-03-25,Quarta-feira,MC 3º,77,46
755,1970-04-22,Quarta-feira,MC 4º,77,7
760,1970-05-09,Sábado,MC 3º,77,5
761,1970-05-13,Quarta-feira,MC 2º,77,1
798,1970-09-19,Sábado,MC 5º,77,37
833,1971-01-30,Sábado,MC 1º,77,35
875,1971-07-10,Sábado,MC 2º,77,42
895,1971-09-25,Sábado,MC 3º,77,20
933,1972-03-11,Sábado,MC 5º,77,38
945,1972-04-29,Sábado,MC 1º,77,12
964,1972-07-22,Sábado,MC 4º,77,19
1001,1973-01-06,Sábado,MC 4º,77,37
1002,1973-01-10,Quarta-feira,MC 4º,77,1
1047,1973-07-07,Sábado,MC 1º,77,45
1055,1973-08-08,Quarta-feira,MC 3º,77,8
1057,1973-08-15,Quarta-feira,MC 2º,77,2
1059,1973-08-22,Quarta-feira,MC 5º,77,2
1062,1973-09-01,Sábado,MC 4º,77,3
1146,1974-07-06,Sábado,MC 1º,77,84
1172,1974-10-12,Sábado,MC 3º,77,26
1176,1974-10-26,Sábado,MC 5º,77,4
1246,1975-07-19,Sábado,MC 2º,77,70
1270,1975-10-15,Quarta-feira,MC 4º,77,24
1287,1975-12-20,Sábado,MC 5º,77,17
1294,1976-01-21,Quarta-feira,MC 2º,77,7
1296,1976-01-31,Sábado,MC 2º,77,2
1336,1976-07-03,Sábado,MC 4º,77,40
1356,1976-09-15,Quarta-feira,MC 4º,77,20
1380,1976-12-15,Quarta-feira,MC 1º,77,24
1401,1977-03-12,Sábado,MC 2º,77,21
1407,1977-04-02,Sábado,MC 2º,77,6
1447,1977-08-31,Quarta-feira,MC 4º,77,40
1486,1978-02-04,Sábado,MC 5º,77,39
1490,1978-02-22,Quarta-feira,MC 5º,77,4
1505,1978-04-19,Quarta-feira,MC 3º,77,15
1521,1978-06-21,Quarta-feira,MC 3º,77,16
1569,1978-12-20,Quarta-feira,MC 1º,77,48
1594,1979-03-28,Quarta-feira,MC 1º,77,25
1642,1979-10-03,Quarta-feira,MC 3º,77,48
1661,1979-12-19,Quarta-feira,MC 1º,77,19
1718,1980-08-06,Quarta-feira,MC 3º,77,57
1721,1980-08-16,Sábado,MC 4º,77,3
1726,1980-09-03,Quarta-feira,MC 5º,77,5
1740,1980-10-25,Sábado,MC 2º,77,14
1776,1981-03-14,Sábado,MC 2º,77,36
1776,1981-03-14,Sábado,MC 3º,77,0
1804,1981-07-08,Quarta-feira,MC 5º,77,28
1845,1981-12-09,Quarta-feira,MC 5º,77,41
1872,1982-03-27,Sábado,MC 5º,77,27
1878,1982-04-24,Sábado,MC 4º,77,6
1896,1982-07-03,Sábado,MC 4º,77,18
1911,1982-08-28,Sábado,MC 2º,77,15
1914,1982-09-11,Sábado,MC 2º,77,3
1935,1982-12-04,Sábado,MC 2º,77,21
1969,1983-04-16,Sábado,MC 1º,77,34
1984,1983-06-11,Sábado,MC 2º,77,15
2079,1984-06-27,Quarta-feira,MC 5º,77,95
2085,1984-07-18,Quarta-feira,MC 4º,77,6
2127,1985-01-12,Sábado,MC 2º,77,42
2172,1985-07-03,Quarta-feira,MC 1º,77,45
2179,1985-07-27,Sábado,MC 4º,77,7
2240,1986-03-19,Quarta-feira,MC 1º,77,61
2248,1986-04-19,Sábado,MC 4º,77,8
2249,1986-04-26,Sábado,MC 1º,77,1
2299,1986-11-12,Quarta-feira,MC 3º,77,50
2304,1986-12-03,Quarta-feira,MC 5º,77,5
2311,1987-01-07,Quarta-feira,MC 3º,77,7
2330,1987-03-18,Quarta-feira,MC 5º,77,19
2358,1987-06-27,Sábado,MC 3º,77,28
2369,1987-08-05,Quarta-feira,MC 1º,77,11
2395,1987-11-18,Quarta-feira,MC 3º,77,26
2413,1988-01-30,Sábado,MC 2º,77,18
2413,1988-01-30,Sábado,MC 4º,77,0
2448,1988-06-18,Sábado,MC 3º,77,35
2454,1988-07-09,Sábado,MC 5º,77,6
2461,1988-08-03,Quarta-feira,MC 2º,77,7
2464,1988-08-13,Sábado,MC 5º,77,3
2482,1980-10-22,Quarta-feira,MC 2º,77,18
2498,1988-12-31,Sábado,MC 3º,77,16
2543,1989-07-01,Sábado,MC 1º,77,45
2567,1989-09-30,Sábado,MC 1º,77,24
2610,1990-04-25,Quarta-feira,MC 2º,77,43
2615,1990-05-16,Quarta-feira,MC 3º,77,5
2618,1990-05-26,Sábado,MC 2º,77,3
2621,1990-06-06,Quarta-feira,MC 5º,77,3
2628,1990-07-11,Quarta-feira,MC 4º,77,7
2638,1990-08-15,Quarta-feira,MC 4º,77,10
2652,1990-10-10,Quarta-feira,MC 2º,77,14
2660,1990-11-17,Sábado,MC 3º,77,8
2804,1992-06-27,Sábado,MC 3º,77,144
2813,1992-08-29,Sábado,MC 4º,77,9
2819,1992-10-11,Domingo,MC 2º,77,6
2859,1993-07-31,Sábado,MC 2º,77,40
2878,1993-11-20,Sábado,MC 3º,77,19
2884,1993-12-11,Sábado,MC 4º,77,6
2887,1993-12-29,Quarta-feira,MC 5º,77,3
2955,1994-09-24,Sábado,MC 1º,77,68
2964,1994-11-05,Sábado,MC 1º,77,9
2973,1994-12-10,Sábado,MC 1º,77,9
2976,1994-12-24,Sábado,MC 2º,77,3
3110,1996-07-20,Sábado,MC 1º,77,134
3136,1996-11-09,Sábado,MC 4º,77,26
3144,1996-12-11,Quarta-feira,MC 2º,77,8
3147,1996-12-28,Sábado,MC 5º,77,3
3167,1997-03-22,Sábado,MC 2º,77,20
3193,1997-07-09,Quarta-feira,MC 4º,77,26
3206,1997-08-27,Quarta-feira,MC 2º,77,13
3233,1997-12-06,Sábado,MC 5º,77,27
3237,1997-12-27,Sábado,MC 1º,77,4
3250,1998-02-14,Sábado,MC 1º,77,13
3275,1998-05-30,Sábado,MC 5º,77,25
3310,1998-10-17,Sábado,MC 4º,77,35
3316,1998-11-11,Quarta-feira,MC 3º,77,6
3334,1999-01-23,Sábado,MC 5º,77,18
3338,1999-02-06,Sábado,MC 3º,77,4
3343,1999-02-27,Sábado,MC 3º,77,5
3349,1999-03-20,Sábado,MC 2º,77,6
3364,1999-05-19,Quarta-feira,MC 5º,77,15
3365,1999-05-22,Sábado,MC 5º,77,1
3444,2000-03-29,Quarta-feira,MC 4º,77,79
3446,2000-04-05,Quarta-feira,MC 2º,77,2
3504,2000-11-22,Quarta-feira,MC 1º,77,58
3521,2001-01-31,Quarta-feira,MC 2º,77,17
3533,2001-03-17,Sábado,MC 1º,77,12
3535,2001-03-24,Sábado,MC 5º,77,2
3539,2001-04-07,Sábado,MC 3º,77,4
3543,2001-04-28,Sábado,MC 1º,77,4
3570,2001-08-11,Sábado,MC 2º,77,27
3635,2002-04-27,Sábado,MC 2º,77,65
3711,2003-02-19,Quarta-feira,MC 1º,77,76
3731,2003-05-07,Quarta-feira,MC 1º,77,20
3732,2003-05-10,Sábado,MC 3º,77,1
3737,2003-05-28,Quarta-feira,MC 3º,77,5
3769,2003-09-17,Quarta-feira,MC 2º,77,32
3786,2003-11-19,Quarta-feira,MC 1º,77,17
3791,2003-12-06,Sábado,MC 5º,77,5
3828,2004-04-28,Quarta-feira,MC 2º,77,37
3868,2004-09-18,Sábado,MC 5º,77,40
3945,2005-06-22,Quarta-feira,MC 4º,77,77
3948,2005-07-02,Sábado,MC 4º,77,3
3963,2005-08-24,Quarta-feira,MC 3º,77,15
4013,2006-02-25,Sábado,MC 1º,77,50
4017,2006-03-11,Sábado,MC 3º,77,4
4034,2006-05-10,Quarta-feira,MC 5º,77,17
4071,2006-09-16,Sábado,MC 5º,77,37
4073,2006-09-23,Sábado,MC 1º,77,2
4095,2006-12-13,Quarta-feira,MC 2º,77,22
4097,2006-12-20,Quarta-feira,MC 4º,77,2
4122,2007-03-17,Sábado,MC 2º,77,25
4192,2007-11-21,Quarta-feira,MC 5º,77,70
4222,2008-03-05,Quarta-feira,MC 1º,77,30
4260,2008-07-16,Quarta-feira,MC 2º,77,38
4266,2008-08-06,Quarta-feira,MC 3º,77,6
4291,2008-11-01,Sábado,MC 5º,77,25
4338,2009-04-18,Sábado,MC 4º,77,47
4387,2009-10-07,Quarta-feira,MC 1º,77,49
4387,2009-10-07,Quarta-feira,MC 3º,77,0
4410,2009-12-26,Sábado,MC 2º,77,23
4425,2010-02-17,Quarta-feira,MC 3º,77,15
4465,2010-07-10,Sábado,MC 3º,77,40
4471,2010-07-31,Sábado,MC 2º,77,6
4523,2011-01-29,Sábado,MC 5º,77,52
4536,2011-03-16,Quarta-feira,MC 3º,77,13
4591,2011-09-24,Sábado,MC 2º,77,55
4624,2012-01-18,Quarta-feira,MC 4º,77,33
4637,2012-03-03,Sábado,MC 3º,77,13
4660,2012-05-23,Quarta-feira,MC 1º,77,23
4731,2013-01-26,Sábado,MC 5º,77,71
4738,2013-02-20,Quarta-feira,MC 5º,77,7
4804,2013-10-09,Quarta-feira,MC 2º,77,66
4809,2013-10-26,Sábado,MC 4º,77,5
4860,2014-04-23,Quarta-feira,MC 3º,77,51
4861,2014-04-26,Sábado,MC 2º,77,1
4875,2014-06-14,Sábado,MC 5º,77,14
4882,2014-07-09,Quarta-feira,MC 2º,77,7
4882,2014-07-09,Quarta-feira,MC 4º,77,0
4888,2014-07-30,Quarta-feira,MC 3º,77,6
4929,2014-12-20,Sábado,MC 2º,77,41
4942,2015-02-04,Quarta-feira,MC 1º,77,13
4953,2015-03-14,Sábado,MC 3º,77,11
4954,2015-03-18,Quarta-feira,MC 5º,77,1
4955,2015-03-21,Sábado,MC 5º,77,1
4970,2015-05-13,Quarta-feira,MC 3º,77,15
4979,2015-06-13,Sábado,MC 4º,77,9
5021,2015-11-07,Sábado,MC 1º,77,42
5029,2015-12-05,Sábado,MC 5º,77,8
5061,2016-03-26,Sábado,MC 5º,77,32
5111,2016-09-17,Sábado,MC 3º,77,50
5126,2016-11-09,Quarta-feira,MC 4º,77,15
5130,2016-11-23,Quarta-feira,MC 4º,77,4
5151,2017-02-04,Sábado,MC 5º,77,21
5183,2017-05-27,Sábado,MC 4º,77,32
5193,2017-07-01,Sábado,MC 1º,77,10
5196,2017-07-12,Quarta-feira,MC 5º,77,3
5201,2017-07-29,Sábado,MC 4º,77,5
5224,2017-10-18,Quarta-feira,MC 3º,77,23
5234,2017-11-22,Quarta-feira,MC 1º,77,10
5235,2017-11-25,Sábado,MC 1º,77,1
5239,2017-12-09,Sábado,MC 2º,77,4
5256,2018-02-07,Quarta-feira,MC 4º,77,17
5265,2018-03-10,Sábado,MC 4º,77,9
5314,2018-08-29,Quarta-feira,MC 4º,77,49
5364,2019-02-20,Quarta-feira,MC 3º,77,50
5381,2019-04-20,Sábado,MC 3º,77,17
5421,2019-09-06,Sexta-feira,MC 4º,77,40
5442,2019-11-20,Quarta-feira,MC 1º,77,21
5523,2020-12-16,Quarta-feira,MC 2º,77,81
5523,2020-12-16,Quarta-feira,MC 3º,77,0
5542,2021-02-27,Sábado,MC 5º,77,19
5543,2021-03-03,Quarta-feira,MC 4º,77,1
5551,2021-03-31,Quarta-feira,MC 3º,77,8
5574,2021-06-26,Sábado,MC 1º,77,23
5602,2021-10-02,Sábado,MC 3º,77,28
5619,2021-12-04,Sábado,MC 5º,77,17
5627,2022-01-05,Quarta-feira,MC 3º,77,8
5630,2022-01-15,Sábado,MC 3º,77,3
5631,2022-01-19,Quarta-feira,MC 5º,77,1
5636,2022-02-05,Sábado,MC 5º,77,5
5642,2022-02-26,Sábado,MC 4º,77,6
5643,2022-03-05,Sábado,MC 4º,77,1
5686,2022-08-03,Quarta-feira,MC 2º,77,43
5697,2022-09-10,Sábado,MC 1º,77,11
5707,2022-10-15,Sábado,MC 3º,77,10
5722,2022-12-07,Quarta-feira,MC 4º,77,15
5767,2023-05-24,Quarta-feira,MC 5º,77,45
5772,2023-06-10,Sábado,MC 4º,77,5
5799,2023-09-13,Quarta-feira,MC 3º,77,27
5803,2023-09-27,Quarta-feira,MC 2º,77,4
5821,2023-11-29,Quarta-feira,MC 5º,77,18
5836,2024-01-27,Sábado,MC 4º,77,15
5838,2024-02-03,Sábado,MC 2º,77,2
5854,2024-04-03,Quarta-feira,MC 2º,77,16
5870,2024-05-29,Quarta-feira,MC 3º,77,16
