Concurso,Data,Dia da Semana,Sorteio,Dezena,Atraso
44,1963-03-02,Sábado,MC 1º,69,44
54,1963-04-06,Sábado,MC 3º,69,10
148,1964-03-25,Quarta-feira,MC 2º,69,94
176,1964-07-04,Sábado,MC 5º,69,28
188,1964-08-19,Quarta-feira,MC 1º,69,12
198,1964-09-23,Quarta-feira,MC 5º,69,10
232,1965-01-27,Quarta-feira,MC 4º,69,34
247,1965-03-24,Quarta-feira,MC 2º,69,15
259,1965-05-12,Quarta-feira,MC 1º,69,12
259,1965-05-12,Quarta-feira,MC 2º,69,0
272,1965-06-26,Sábado,MC 3º,69,13
274,1965-07-03,Sábado,MC 1º,69,2
280,1965-07-24,Sábado,MC 4º,69,6
293,1965-09-08,Quarta-feira,MC 3º,69,13
300,1965-10-02,Sábado,MC 4º,69,7
322,1965-12-18,Sábado,MC 3º,69,22
328,1966-01-15,Sábado,MC 1º,69,6
329,1966-01-19,Quarta-feira,MC 2º,69,1
342,1966-03-09,Quarta-feira,MC 4º,69,13
350,1966-04-06,Quarta-feira,MC 5º,69,8
374,1966-06-29,Quarta-feira,MC 2º,69,24
385,1966-08-06,Sábado,MC 3º,69,11
392,1966-08-31,Quarta-feira,MC 4º,69,7
397,1966-09-21,Quarta-feira,MC 3º,69,5
407,1966-10-26,Quarta-feira,MC 5º,69,10
408,1966-10-29,Sábado,MC 2º,69,1
462,1967-05-13,Sábado,MC 1º,69,54
488,1967-08-12,Sábado,MC 4º,69,26
503,1967-10-04,Quarta-feira,MC 2º,69,15
524,1967-12-20,Quarta-feira,MC 1º,69,21
544,1968-03-02,Sábado,MC 5º,69,20
549,1968-03-20,Quarta-feira,MC 3º,69,5
550,1968-03-23,Sábado,MC 5º,69,1
556,1968-04-13,Sábado,MC 5º,69,6
566,1968-05-22,Quarta-feira,MC 3º,69,10
578,1968-07-03,Quarta-feira,MC 4º,69,12
603,1968-10-02,Quarta-feira,MC 3º,69,25
631,1969-01-18,Sábado,MC 3º,69,28
632,1969-01-22,Quarta-feira,MC 3º,69,1
642,1969-03-01,Sábado,MC 3º,69,10
643,1969-03-05,Quarta-feira,MC 1º,69,1
658,1969-04-30,Quarta-feira,MC 4º,69,15
670,1969-06-11,Quarta-feira,MC 1º,69,12
674,1969-06-25,Quarta-feira,MC 3º,69,4
718,1969-11-29,Sábado,MC 4º,69,44
733,1970-01-28,Quarta-feira,MC 3º,69,15
749,1970-04-01,Quarta-feira,MC 3º,69,16
756,1970-04-25,Sábado,MC 1º,69,7
854,1971-04-24,Sábado,MC 2º,69,98
864,1971-06-02,Quarta-feira,MC 2º,69,10
883,1971-08-11,Quarta-feira,MC 2º,69,19
899,1971-10-09,Sábado,MC 3º,69,16
905,1971-10-30,Sábado,MC 3º,69,6
918,1971-12-29,Quarta-feira,MC 2º,69,13
923,1972-01-22,Sábado,MC 3º,69,5
924,1972-01-29,Sábado,MC 4º,69,1
949,1972-05-17,Quarta-feira,MC 2º,69,25
957,1972-06-17,Sábado,MC 4º,69,8
1016,1973-03-14,Quarta-feira,MC 2º,69,59
1022,1973-04-07,Sábado,MC 4º,69,6
1050,1973-07-18,Quarta-feira,MC 3º,69,28
1053,1973-07-28,Sábado,MC 5º,69,3
1085,1973-11-21,Quarta-feira,MC 4º,69,32
1093,1973-12-19,Quarta-feira,MC 1º,69,8
1093,1973-12-19,Quarta-feira,MC 2º,69,0
1111,1974-03-02,Sábado,MC 2º,69,18
1118,1974-03-27,Quarta-feira,MC 4º,69,7
1127,1974-04-27,Sábado,MC 4º,69,9
1163,1974-09-11,Quarta-feira,MC 3º,69,36
1186,1974-12-04,Quarta-feira,MC 1º,69,23
1250,1975-08-06,Quarta-feira,MC 3º,69,64
1252,1975-08-13,Quarta-feira,MC 1º,69,2
1254,1975-08-20,Quarta-feira,MC 2º,69,2
1261,1975-09-13,Sábado,MC 4º,69,7
1267,1975-10-04,Sábado,MC 1º,69,6
1327,1976-06-02,Quarta-feira,MC 4º,69,60
1334,1976-06-26,Sábado,MC 1º,69,7
1336,1976-07-03,Sábado,MC 1º,69,2
1351,1976-08-28,Sábado,MC 4º,69,15
1382,1976-12-22,Quarta-feira,MC 4º,69,31
1386,1977-01-12,Quarta-feira,MC 1º,69,4
1397,1977-02-26,Sábado,MC 2º,69,11
1441,1977-08-10,Quarta-feira,MC 5º,69,44
1448,1977-09-03,Sábado,MC 4º,69,7
1456,1977-10-05,Quarta-feira,MC 5º,69,8
1480,1978-01-11,Quarta-feira,MC 5º,69,24
1482,1978-01-18,Quarta-feira,MC 3º,69,2
1514,1978-05-27,Sábado,MC 2º,69,32
1522,1978-06-24,Sábado,MC 1º,69,8
1534,1978-08-09,Quarta-feira,MC 3º,69,12
1535,1978-08-12,Sábado,MC 4º,69,1
1546,1978-09-20,Quarta-feira,MC 4º,69,11
1584,1979-02-17,Sábado,MC 1º,69,38
1602,1979-05-09,Quarta-feira,MC 3º,69,18
1630,1979-08-18,Sábado,MC 1º,69,28
1631,1979-08-22,Quarta-feira,MC 4º,69,1
1638,1979-09-19,Quarta-feira,MC 2º,69,7
1662,1979-12-22,Sábado,MC 1º,69,24
1672,1980-02-09,Sábado,MC 3º,69,10
1712,1980-07-12,Sábado,MC 2º,69,40
1714,1980-07-19,Sábado,MC 1º,69,2
1717,1980-07-30,Quarta-feira,MC 2º,69,3
1739,1980-10-22,Quarta-feira,MC 4º,69,22
1764,1981-01-28,Quarta-feira,MC 5º,69,25
1803,1981-07-04,Sábado,MC 4º,69,39
1832,1981-10-21,Quarta-feira,MC 3º,69,29
1848,1981-12-19,Sábado,MC 4º,69,16
1848,1981-12-19,Sábado,MC 5º,69,0
1870,1982-03-17,Quarta-feira,MC 2º,69,22
1883,1982-05-19,Quarta-feira,MC 2º,69,13
1905,1982-08-07,Sábado,MC 1º,69,22
1928,1982-11-10,Quarta-feira,MC 2º,69,23
1930,1982-11-17,Quarta-feira,MC 4º,69,2
1931,1982-11-20,Sábado,MC 4º,69,1
1950,1983-02-02,Quarta-feira,MC 4º,69,19
1953,1983-02-12,Sábado,MC 1º,69,3
1953,1983-02-12,Sábado,MC 3º,69,0
1968,1983-04-13,Quarta-feira,MC 5º,69,15
2004,1983-08-24,Quarta-feira,MC 3º,69,36
2037,1984-01-11,Quarta-feira,MC 1º,69,33
2055,1984-03-17,Sábado,MC 5º,69,18
2058,1984-03-31,Sábado,MC 2º,69,3
2061,1984-04-11,Quarta-feira,MC 1º,69,3
2073,1984-06-02,Sábado,MC 5º,69,12
2075,1984-06-09,Sábado,MC 2º,69,2
2088,1984-07-28,Sábado,MC 4º,69,13
2091,1984-08-11,Sábado,MC 3º,69,3
2142,1985-03-09,Sábado,MC 3º,69,51
2149,1985-04-07,Domingo,MC 5º,69,7
2150,1985-04-10,Quarta-feira,MC 3º,69,1
2164,1985-06-01,Sábado,MC 2º,69,14
2179,1985-07-27,Sábado,MC 3º,69,15
2191,1985-09-11,Quarta-feira,MC 4º,69,12
2224,1986-01-18,Sábado,MC 1º,69,33
2244,1986-04-05,Sábado,MC 4º,69,20
2253,1986-05-14,Quarta-feira,MC 2º,69,9
2280,1986-08-20,Quarta-feira,MC 4º,69,27
2302,1986-11-26,Quarta-feira,MC 4º,69,22
2307,1986-12-13,Sábado,MC 3º,69,5
2340,1987-04-25,Sábado,MC 2º,69,33
2341,1987-04-29,Quarta-feira,MC 4º,69,1
2342,1987-05-03,Domingo,MC 4º,69,1
2389,1987-10-24,Sábado,MC 4º,69,47
2396,1987-11-22,Domingo,MC 4º,69,7
2401,1987-12-09,Quarta-feira,MC 4º,69,5
2434,1988-04-23,Sábado,MC 4º,69,33
2462,1988-08-06,Sábado,MC 4º,69,28
2502,1989-01-18,Quarta-feira,MC 4º,69,40
2520,1989-03-29,Quarta-feira,MC 5º,69,18
2531,1989-05-13,Sábado,MC 2º,69,11
2541,1989-06-24,Sábado,MC 4º,69,10
2547,1989-07-15,Sábado,MC 3º,69,6
2557,1989-08-23,Quarta-feira,MC 4º,69,10
2596,1990-02-17,Sábado,MC 3º,69,39
2648,1990-09-22,Sábado,MC 2º,69,52
2666,1990-12-08,Sábado,MC 5º,69,18
2703,1991-05-08,Quarta-feira,MC 3º,69,37
2709,1991-06-01,Sábado,MC 3º,69,6
2739,1991-09-25,Quarta-feira,MC 1º,69,30
2775,1992-02-19,Quarta-feira,MC 5º,69,36
2786,1992-04-01,Quarta-feira,MC 5º,69,11
2805,1992-07-04,Sábado,MC 2º,69,19
2842,1993-03-27,Sábado,MC 4º,69,37
2848,1993-05-15,Sábado,MC 3º,69,6
2953,1994-09-17,Sábado,MC 2º,69,105
2957,1994-10-01,Sábado,MC 4º,69,4
2959,1994-10-15,Sábado,MC 3º,69,2
2991,1995-02-25,Sábado,MC 3º,69,32
3016,1995-06-17,Sábado,MC 4º,69,25
3049,1995-10-28,Sábado,MC 1º,69,33
3102,1996-06-15,Sábado,MC 2º,69,53
3129,1996-10-05,Sábado,MC 2º,69,27
3137,1996-11-16,Sábado,MC 2º,69,8
3159,1997-02-19,Quarta-feira,MC 5º,69,22
3200,1997-08-06,Quarta-feira,MC 3º,69,41
3213,1997-09-24,Quarta-feira,MC 3º,69,13
3224,1997-11-01,Sábado,MC 3º,69,11
3226,1997-11-08,Sábado,MC 4º,69,2
3228,1997-11-19,Quarta-feira,MC 1º,69,2
3241,1998-01-14,Quarta-feira,MC 5º,69,13
3253,1998-02-28,Sábado,MC 5º,69,12
3267,1998-04-25,Sábado,MC 1º,69,14
3283,1998-07-04,Sábado,MC 1º,69,16
3304,1998-09-23,Quarta-feira,MC 3º,69,21
3322,1998-12-02,Quarta-feira,MC 1º,69,18
3336,1999-01-30,Sábado,MC 2º,69,14
3355,1999-04-14,Quarta-feira,MC 5º,69,19
3373,1999-06-26,Sábado,MC 2º,69,18
3393,1999-09-04,Sábado,MC 1º,69,20
3424,2000-01-15,Sábado,MC 1º,69,31
3427,2000-01-26,Quarta-feira,MC 4º,69,3
3442,2000-03-22,Quarta-feira,MC 5º,69,15
3444,2000-03-29,Quarta-feira,MC 5º,69,2
3453,2000-05-06,Sábado,MC 4º,69,9
3465,2000-06-21,Quarta-feira,MC 2º,69,12
3473,2000-07-22,Sábado,MC 3º,69,8
3620,2002-03-02,Sábado,MC 3º,69,147
3644,2002-06-05,Quarta-feira,MC 2º,69,24
3644,2002-06-05,Quarta-feira,MC 5º,69,0
3726,2003-04-16,Quarta-feira,MC 3º,69,82
3748,2003-07-05,Sábado,MC 4º,69,22
3759,2003-08-13,Quarta-feira,MC 1º,69,11
3763,2003-08-27,Quarta-feira,MC 5º,69,4
3778,2003-10-18,Sábado,MC 2º,69,15
3781,2003-10-29,Quarta-feira,MC 1º,69,3
3804,2004-01-28,Quarta-feira,MC 3º,69,23
3862,2004-08-28,Sábado,MC 2º,69,58
3898,2005-01-08,Sábado,MC 5º,69,36
3915,2005-03-09,Quarta-feira,MC 1º,69,17
3916,2005-03-12,Sábado,MC 3º,69,1
3965,2005-08-31,Quarta-feira,MC 2º,69,49
3967,2005-09-10,Sábado,MC 2º,69,2
3984,2005-11-16,Quarta-feira,MC 2º,69,17
3993,2005-12-17,Sábado,MC 3º,69,9
4070,2006-09-13,Quarta-feira,MC 4º,69,77
4107,2007-01-24,Quarta-feira,MC 5º,69,37
4112,2007-02-10,Sábado,MC 3º,69,5
4112,2007-02-10,Sábado,MC 5º,69,0
4114,2007-02-17,Sábado,MC 5º,69,2
4142,2007-05-30,Quarta-feira,MC 5º,69,28
4172,2007-09-12,Quarta-feira,MC 1º,69,30
4185,2007-10-27,Sábado,MC 3º,69,13
4188,2007-11-07,Quarta-feira,MC 3º,69,3
4202,2007-12-26,Quarta-feira,MC 2º,69,14
4216,2008-02-13,Quarta-feira,MC 5º,69,14
4247,2008-05-31,Sábado,MC 3º,69,31
4254,2008-06-25,Quarta-feira,MC 4º,69,7
4305,2008-12-24,Quarta-feira,MC 3º,69,51
4322,2009-02-21,Sábado,MC 3º,69,17
4326,2009-03-07,Sábado,MC 5º,69,4
4357,2009-06-24,Quarta-feira,MC 3º,69,31
4366,2009-07-25,Sábado,MC 2º,69,9
4401,2009-11-25,Quarta-feira,MC 2º,69,35
4427,2010-02-24,Quarta-feira,MC 2º,69,26
4452,2010-05-26,Quarta-feira,MC 2º,69,25
4507,2010-12-04,Sábado,MC 1º,69,55
4518,2011-01-12,Quarta-feira,MC 3º,69,11
4520,2011-01-19,Quarta-feira,MC 1º,69,2
4553,2011-05-14,Sábado,MC 5º,69,33
4598,2011-10-19,Quarta-feira,MC 2º,69,45
4598,2011-10-19,Quarta-feira,MC 5º,69,0
4622,2012-01-11,Quarta-feira,MC 2º,69,24
4626,2012-01-25,Quarta-feira,MC 2º,69,4
4684,2012-08-15,Quarta-feira,MC 1º,69,58
4711,2012-11-17,Sábado,MC 2º,69,27
4723,2012-12-29,Sábado,MC 3º,69,12
4726,2013-01-09,Quarta-feira,MC 5º,69,3
4728,2013-01-16,Quarta-feira,MC 4º,69,2
4732,2013-01-30,Quarta-feira,MC 3º,69,4
4873,2014-06-07,Sábado,MC 5º,69,141
4903,2014-09-20,Sábado,MC 1º,69,30
4911,2014-10-18,Sábado,MC 2º,69,8
4945,2015-02-14,Sábado,MC 5º,69,34
4974,2015-05-27,Quarta-feira,MC 2º,69,29
5007,2015-09-19,Sábado,MC 1º,69,33
5007,2015-09-19,Sábado,MC 3º,69,0
5033,2015-12-19,Sábado,MC 1º,69,26
5040,2016-01-13,Quarta-feira,MC 2º,69,7
5070,2016-04-27,Quarta-feira,MC 5º,69,30
5096,2016-07-27,Quarta-feira,MC 5º,69,26
5121,2016-10-22,Sábado,MC 1º,69,25
5131,2016-11-26,Sábado,MC 3º,69,10
5147,2017-01-21,Sábado,MC 5º,69,16
5194,2017-07-05,Quarta-feira,MC 1º,69,47
5196,2017-07-12,Quarta-feira,MC 1º,69,2
5218,2017-09-27,Quarta-feira,MC 4º,69,22
5227,2017-10-28,Sábado,MC 3º,69,9
5238,2017-12-06,Quarta-feira,MC 4º,69,11
5250,2018-01-17,Quarta-feira,MC 3º,69,12
5255,2018-02-03,Sábado,MC 5º,69,5
5291,2018-06-09,Sábado,MC 5º,69,36
5303,2018-07-21,Sábado,MC 5º,69,12
5323,2018-09-29,Sábado,MC 5º,69,20
5326,2018-10-10,Quarta-feira,MC 1º,69,3
5348,2018-12-26,Quarta-feira,MC 2º,69,22
5357,2019-01-26,Sábado,MC 5º,69,9
5361,2019-02-09,Sábado,MC 3º,69,4
5377,2019-04-06,Sábado,MC 2º,69,16
5392,2019-05-29,Quarta-feira,MC 3º,69,15
5401,2019-06-29,Sábado,MC 1º,69,9
5420,2019-09-04,Quarta-feira,MC 2º,69,19
5438,2019-11-06,Quarta-feira,MC 1º,69,18
5451,2019-12-21,Sábado,MC 3º,69,13
5471,2020-02-27,Quinta-feira,MC 4º,69,20
5510,2020-10-31,Sábado,MC 5º,69,39
5549,2021-03-24,Quarta-feira,MC 3º,69,39
5552,2021-04-03,Sábado,MC 3º,69,3
5578,2021-07-10,Sábado,MC 3º,69,26
5591,2021-08-25,Quarta-feira,MC 2º,69,13
5602,2021-10-02,Sábado,MC 2º,69,11
5609,2021-10-27,Quarta-feira,MC 2º,69,7
5610,2021-10-30,Sábado,MC 2º,69,1
5617,2021-11-27,Sábado,MC 2º,69,7
5617,2021-11-27,Sábado,MC 5º,69,0
5633,2022-01-26,Quarta-feira,MC 1º,69,16
5647,2022-03-19,Sábado,MC 5º,69,14
5680,2022-07-13,Quarta-feira,MC 1º,69,33
5705,2022-10-08,Sábado,MC 1º,69,25
5726,2022-12-24,Sábado,MC 5º,69,21
5748,2023-03-18,Sábado,MC 4º,69,22
5771,2023-06-07,Quarta-feira,MC 5º,69,23
5773,2023-06-14,Quarta-feira,MC 5º,69,2
5799,2023-09-13,Quarta-feira,MC 2º,69,26
5800,2023-09-16,Sábado,MC 4º,69,1
5807,2023-10-11,Quarta-feira,MC 5º,69,7
5810,2023-10-21,Sábado,MC 4º,69,3
5819,2023-11-22,Quarta-feira,MC 4º,69,9
5837,2024-01-31,Quarta-feira,MC 1º,69,18
5845,2024-03-02,Sábado,MC 1º,69,8
5849,2024-03-16,Sábado,MC 5º,69,4
5856,2024-04-10,Quarta-feira,MC 3º,69,7
5859,2024-04-20,Sábado,MC 5º,69,3
5887,2024-07-27,Sábado,MC 2º,69,28
5888,2024-07-31,Quarta-feira,MC 5º,69,1
